ChannelName	X	Y	Xc	Yc	Height	Area	Width	Phi	Ax	BG	I	Frame	Length	Link	Valid	Z	Zc	Photons	LateralLocalizationAccuracy	Xw	Yw	Xwc	Ywc
405/561	18755.7	21049.9	18761.5	21054.2	283.6875	8566.30566	379.88367	1.27761	1.24384	451.72473	28680.54297	450	3	3	1	-484	-484	1541.93502	12.47859	18755.7	21049.9	18763.5510831785	21016.7512758479
405/561	18428.3	21194.4	18423.9	21226.6	316.17883	2509.11035	359.62805	0.02546	1.47966	334.63669	2315.49536	1487	1	10	1	-469	-469	451.63986	19.46787	18428.3	21194.4	18425.1790992543	21190.2508865877
405/561	17538.8	21226.3	17532.9	21257.4	330.21713	2488.42139	350.4469	0.55439	1.58925	426.35349	5179.40771	1627	1	4	1	-460	-460	447.91585	20.66061	17538.8	21226.3	17534.0748777024	21221.1993393395
405/561	18392.2	21200	18391.2	21194.9	386.43478	2855.39404	347.02039	0.78297	1.64244	241.63733	5661.80615	2023	1	2	1	-461	-461	513.97093	14.45829	18392.2	21200	18392.0800795983	21159.1192485516
405/561	17555	21275.5	17551.7	21230.4	785.78674	6481.35107	366.64053	0.36299	1.40675	409.59363	8850.24609	2835	1	2	1	-481	-481	1166.64319	9.51931	17555	21275.5	17551.9755945969	21195.4802745118
405/561	19170.9	21195.7	19181.6	21176.9	327.8999	5460.03418	369.24362	0.64018	1.34965	240.64063	15965.41602	3234	3	8	1	-468	-468	982.80615	13.78766	19170.9	21195.7	19181.5785631738	21142.4033648543
405/561	19270.8	21287.5	19245.6	21251.9	313.17319	2571.9668	365.84778	0.29096	1.42167	523.30975	2542.38403	4717	1	5	1	-483	-483	462.95402	23.65072	19270.8	21287.5	19244.4745591626	21218.9759036461
405/561	17860.9	21176	17844	21144.5	568.34637	13876.20801	364.16876	0.26326	1.42261	455.52017	12938.6543	4741	3	2	1	-472	-472	2497.71744	7.52484	17860.9	21176	17842.8566926109	21111.6013526893
405/561	19292	21290.5	19309.6	21275.9	226.59271	4851.20752	343.26633	1.16102	1.74413	299.17953	8588.89551	4840	3	1	1	-477	-477	873.21735	14.71212	19292	21290.5	19308.3829930849	21243.1063299923
405/561	17972.8	21245.7	17926.8	21169.8	114.86279	3768.90137	348.12079	0.9529	1.69856	292.9671	7033.01855	5835	2	6	1	-490	-490	678.40225	15.93887	17972.8	21245.7	17924.8422756263	21138.0614049066
405/561	17277.2	21449.1	17239	21377.2	146.3233	3693.11523	341.57059	1.24526	1.76417	285.15125	-8551.80859	6736	3	8	1	-474	-474	664.76074	18.37766	17277.2	21449.1	17236.3715354954	21346.4168044019
405/561	19488.9	21487.1	19427.8	21352.2	242.52058	1809.39917	348.70078	0.82111	1.66085	212.11337	3309.35889	8757	1	33	1	-478	-478	325.69185	20.6394	19488.9	21487.1	19423.6670229489	21323.5598259112
405/561	17349.6	21639.9	17288.5	21505	166.13643	1307.48511	358.13437	0.36713	1.56594	416.85101	3267.26758	9459	1	73	1	-500	-500	235.34732	38.8708	17349.6	21639.9	17283.8444263098	21477.1042104236
405/561	19308.6	21170	19247.5	21035.1	124.37669	934.63367	349.95422	0.7521	1.6452	250.63522	1907.98193	9538	1	63	1	-480	-480	168.23406	40.73939	19308.6	21170	19242.7856155769	21007.2879801906
405/561	19894.5	21225.6	19833.4	21090.7	236.91687	2037.73462	374.40002	0.9963	1.28648	493.06763	3224.75488	10523	1	6	1	-467	-467	366.79223	29.92789	19894.5	21225.6	19827.9523425149	21063.932451337
405/561	18070.7	21346.3	18009.7	21211.4	259.4736	2007.04614	355.05215	0.42731	1.57128	190.75664	3567.66089	10907	1	78	1	-482	-482	361.26831	18.69059	18070.7	21346.3	18003.9664776866	21185.0396360275
405/561	17104.9	21367.3	17043.9	21232.4	358.12177	2761.05493	354.47223	0.30722	1.53564	288.81116	2687.08496	14570	1	14	1	-462	-462	496.98989	16.46586	17104.9	21367.3	17035.4395952235	21209.9237962396
405/561	19626.2	21393.3	19565.1	21258.4	352.31381	2801.25073	359.97406	0.12727	1.50777	104.46016	5718.01025	14686	1	1	1	-486	-486	504.22513	12.024	19626.2	21393.3	19556.5532402233	21236.0467999482
405/561	17380.5	21445.4	17319.4	21310.5	172.20171	1347.89355	357.16519	0.11198	1.49315	179.35124	2518.06055	15062	1	9	1	-460	-460	242.62084	26.21342	17380.5	21445.4	17310.5733309124	21288.5455016243
405/561	18010.9	21602.3	17949.9	21467.4	149.41153	1332.15771	381.19379	1.36662	1.22946	255.16347	3600.18872	15520	1	5	1	-484	-484	239.78839	34.5535	18010.9	21602.3	17940.7323775495	21445.931154198
405/561	19746.5	21599.7	19685.4	21464.8	399.86398	3105.55518	355.77344	0.42388	1.57303	267.5361	4419.82568	15821	1	6	1	-487	-487	558.99993	14.55074	19746.5	21599.7	19676.0083012128	21443.6503276142
405/561	17228.1	21431.4	17167	21296.5	148.38115	1259.0033	371.86395	0.67824	1.34965	260.52649	2035.53406	15974	1	9	1	-488	-488	226.62059	35.09904	17228.1	21431.4	17157.4944019453	21275.5125652644
405/561	17984.6	21195.5	17923.5	21060.6	72.68937	1572.28088	342.56372	1.22328	1.76123	399.22089	-339.42981	16512	2	62	1	-478	-478	283.01056	40.31653	17984.6	21195.5	17913.5938934099	21040.1830479818
405/561	18641.1	21227.3	18580	21092.4	271.31613	2088.47559	354.19052	0.44173	1.57205	182.42125	5102.28662	16662	1	7	1	-476	-476	375.92561	17.69701	18641.1	21227.3	18569.9822274614	21072.1421045016
405/561	19729	21417.3	19667.9	21282.4	215.50217	1695.76746	358.11078	0.16387	1.51068	366.62674	2407.75562	17302	1	77	1	-474	-474	305.23814	28.7379	19729	21417.3	19657.405786081	21262.8207456525
405/561	19401.1	21452	19340	21317.1	241.67888	1868.13538	354.93176	0.35945	1.55192	197.63512	6510.31152	17632	1	65	1	-472	-472	336.26437	20.14859	19401.1	21452	19329.2601209942	21297.8706699959
405/561	17102.2	21639.8	17041.1	21504.9	228.22377	1920.35083	370.31378	0.7085	1.33749	173.74339	2370.5481	18299	1	52	1	-468	-468	345.66315	20.17369	17102.2	21639.8	17029.8635797431	21486.3779413204
405/561	19215.6	21466.2	19154.5	21331.3	409.16364	3276.88232	361.27838	0.10442	1.5064	409.5993	4557.29736	19235	1	6	1	-494	-494	589.83882	16.73826	19215.6	21466.2	19142.5667842242	21313.7704540036
405/561	17937	21303.1	17876	21168.1	342.13663	7402.15527	368.75739	0.37829	1.41021	370.17245	9879.34473	19604	3	3	1	-498	-498	1332.38795	12.43804	17937	21303.1	17863.7920859909	21150.9617330421
405/561	18435.4	21456.9	18374.4	21322	194.58089	1413.66907	344.09933	1.0031	1.69764	221.16396	5569.98096	20887	1	35	1	-465	-465	254.46043	25.55208	18435.4	21456.9	18361.2369699111	21306.2221964743
405/561	18541.7	21167.8	18480.7	21032.9	162.30664	1181.88525	344.49231	1.16872	1.75163	330.76505	1885.92981	20892	1	70	1	-487	-487	212.73935	35.84459	18541.7	21167.8	18467.5332477128	21017.1274983583
405/561	19800.7	21551.2	19739.6	21416.3	284.1972	2209.14014	355.9277	0.25645	1.52741	192.29329	1927.51465	21133	1	4	1	-468	-468	397.64522	17.32896	19800.7	21551.2	19726.2538377555	21400.7830491667
405/561	17872.6	21248.7	17811.5	21113.8	218.42557	1590.30872	344.46811	1.14445	1.74379	253.88104	2237.66602	21557	1	32	1	-484	-484	286.25557	24.33637	17872.6	21248.7	17797.8381951239	21098.732648881
405/561	19791.1	21554.3	19730	21419.4	480.30301	7195.09668	355.4184	0.33222	1.54626	302.13196	7611.38135	22141	2	2	1	-473	-473	1295.1174	9.45733	19791.1	21554.3	19715.9034259835	21404.9519052971
405/561	17428.9	21648.8	17367.8	21513.9	222.29659	1863.18848	369.59155	0.71281	1.33396	164.22726	3658.39941	23078	1	65	1	-460	-460	335.37393	20.21627	17428.9	21648.8	17353.0057194393	21500.4454414001
405/561	19989.3	21161.3	19928.2	21026.4	146.74864	1283.90527	377.60651	1.11909	1.27022	232.3877	3593.73364	23951	1	67	1	-483	-483	231.10295	33.75269	19989.3	21161.3	19912.7553720575	21013.8710501664
405/561	18745.1	21385.9	18684.1	21251	111.52428	941.19153	370.86368	0.69201	1.34316	209.71095	3746.91357	24989	1	56	1	-476	-476	169.41448	41.7155	18745.1	21385.9	18667.8815244899	21239.5714729881
405/561	17721.2	21215.6	17660.1	21080.7	340.20834	10773.49609	365.52185	0.30524	1.41702	235.5345	28520.06641	25027	5	5	1	-479	-479	1939.2293	8.94341	17721.2	21215.6	17643.8531798414	21069.3117548958
405/561	17757.2	21311.2	17696.1	21176.3	114.88173	975.90643	372.082	0.67113	1.352	200.5977	1208.51392	25203	1	6	1	-491	-491	175.66316	39.79387	17757.2	21311.2	17679.7218838201	21165.0983202832
405/561	17879.2	21358	17818.2	21223.1	353.52405	2675.04785	351.16916	0.78446	1.65952	132.9216	4020.30908	25751	1	0	1	-494	-494	481.50861	12.83075	17879.2	21358	17801.4129007648	21212.4791782362
405/561	19955.8	21235	19894.7	21100.1	277.98697	2235.90723	362.05511	0.15513	1.44211	232.42914	1139.7373	26137	1	3	1	-467	-467	402.4633	18.93932	19955.8	21235	19877.624647554	21089.888284126
405/561	17958.9	21316.1	17897.8	21181.2	122.88948	885.99799	342.78284	1.18267	1.74905	208.02444	1488.25183	27079	1	64	1	-475	-475	159.47964	37.98862	17958.9	21316.1	17880.0204994572	21171.9865188254
405/561	18722	21446.9	18660.9	21312	122.74315	1043.79028	372.27856	0.66771	1.35343	75.20018	8498.64844	27567	1	3	1	-493	-493	187.88225	25.43834	18722	21446.9	18642.7552853431	21303.3035550743
405/561	19076.6	21269.6	19015.5	21134.7	651.16418	4917.52197	350.82291	0.71364	1.63724	488.77585	8834.82813	27657	1	75	1	-482	-482	885.15396	11.89141	19076.6	21269.6	18997.2878950969	21126.0989023146
405/561	18410.3	21309	18349.2	21174.1	195.91743	1459.69897	348.46179	0.89499	1.68222	252.71599	3934.10938	28086	1	39	1	-485	-485	262.74582	26.81415	18410.3	21309	18330.6665093202	21165.9533555668
405/561	17920.3	21415	17859.2	21280.1	375.80359	3168.18945	370.66803	0.56901	1.3711	356.67856	3324.50415	28596	1	0	1	-491	-491	570.2741	17.098	17920.3	21415	17840.284082122	21272.4935347695
405/561	18098.8	21411.5	18037.7	21276.6	200.77631	1687.31506	370.08539	0.70491	1.33753	163.00562	1378.08875	29011	1	5	1	-466	-466	303.71671	22.03198	18098.8	21411.5	18018.4725832905	21269.4330240104
405/561	20053.1	21351.2	19992.1	21216.3	201.6039	1645.74805	364.74747	0.15989	1.4505	348.55347	3437.97681	29932	1	4	1	-491	-491	296.23465	29.91533	20053.1	21351.2	19972.1802090415	21210.1081345942
405/561	19333.3	21366.2	19272.2	21231.3	556.16504	15095.18848	364.74133	0.22679	1.43372	260.55597	13166.23438	30473	4	3	1	-482	-482	2717.13393	6.37062	19333.3	21366.2	19251.8727605925	21225.6807542862
405/561	19830.8	21414.8	19769.8	21279.9	211.27299	3265.25024	369.69522	0.63158	1.35322	285.41229	5334.91211	31677	2	3	1	-473	-473	587.74504	20.05594	19830.8	21414.8	19748.5637949683	21275.5546392744
405/561	17989.5	21622.3	17928.4	21487.4	236.17859	3961.96826	365.6395	0.31705	1.41452	197.48645	7631.68359	31694	2	58	1	-478	-478	713.15429	14.24662	17989.5	21622.3	17907.1509377807	21483.0726209299
405/561	18278.4	21463.7	18217.3	21328.8	239.61266	8798.95605	343.45993	1.04893	1.70931	302.92664	77834.75781	32026	4	4	1	-465	-465	1583.81209	9.70114	18278.4	21463.7	18195.7997096322	21324.8237621714
405/561	17748	21406.8	17686.9	21271.9	130.88438	1100.04431	370.10181	0.5355	1.37711	150.26009	3138.23267	32101	1	29	1	-490	-490	198.00798	31.25468	17748	21406.8	17665.3429202814	21268.0030782595
405/561	17973.8	21609.1	17912.7	21474.1	234.04909	1746.37903	348.71918	0.95046	1.70016	201.97467	2941.15625	32224	1	7	1	-494	-494	314.34823	20.9021	17973.8	21609.1	17891.0497565401	21470.3331501648
405/561	17670.4	21239.2	17609.3	21104.3	214.32057	1514.5011	339.36176	1.33491	1.78409	550.65155	660.42511	32883	1	3	1	-468	-468	272.6102	34.60409	17670.4	21239.2	17587.1499765251	21101.2298987276
405/561	17339	21547.2	17277.9	21412.3	186.36867	1641.75757	378.90305	1.30232	1.23562	254.30363	2762.66309	33019	1	70	1	-469	-469	295.51636	28.11974	17339	21547.2	17255.646698475	21409.3736586732
405/561	17119.3	21153.3	17058.2	21018.4	125.2813	965.78876	354.45245	0.30684	1.53545	359.27792	-177.60481	33042	1	33	1	-462	-462	173.84198	47.56891	17119.3	21153.3	17035.9292275957	21015.4979699657
405/561	19592	21316.5	19530.9	21181.6	264.04227	2260.67969	373.54492	0.97509	1.28827	243.21872	5623.6665	33259	1	4	1	-461	-461	406.92234	20.15985	19592	21316.5	19508.4643254367	21178.927326593
405/561	18010	21619.6	17948.9	21484.7	308.56168	8527.03027	347.0556	0.78779	1.64405	330.23965	9127.62012	33444	3	4	1	-462	-462	1534.86545	9.39707	18010	21619.6	17926.3236420661	21482.2228391747
405/561	19644	21405.6	19582.9	21270.7	232.33432	3209.77783	346.52328	0.85683	1.66274	309.50757	3731.50537	33515	2	76	1	-466	-466	577.76001	18.72387	19644	21405.6	19560.2696256567	21268.2978683171
405/561	18280	21418.1	18219	21283.2	266.41452	2151.21582	362.76309	0.03276	1.49287	356.39606	-75156.54688	33534	1	0	1	-498	-498	387.21885	23.33489	18280	21418.1	18196.355168247	21280.8179460249
405/561	18576	21451.1	18514.9	21316.2	221.9007	1614.43921	344.3432	1.14718	1.74415	317.89539	1221.48071	33577	1	75	1	-483	-483	290.59906	26.32729	18576	21451.1	18492.2224452246	21313.8633842443
405/561	17937.2	21276.7	17876.1	21141.8	138.88777	984.0163	339.80453	1.30291	1.77543	269.53363	1325.3645	34375	1	14	1	-467	-467	177.12293	37.92749	17937.2	21276.7	17852.8142337245	21140.3064260568
405/561	19596.4	21300.2	19535.3	21165.3	146.45416	2735.60156	380.61673	1.26928	1.24782	309.09088	5471.95605	36695	2	6	1	-492	-492	492.40828	25.84742	19596.4	21300.2	19510.2350913076	21166.2549546425
405/561	18077	21346.7	18015.9	21211.8	127.57365	1082.43628	371.86105	0.6944	1.34593	66.98666	1754.02991	37098	1	5	1	-485	-485	194.83853	23.67603	18077	21346.7	17990.5242433605	21213.1798819169
405/561	19666.3	21433.9	19605.2	21299	107.60865	933.41071	375.987	0.89716	1.31344	160.23495	2304.92627	37426	1	12	1	-497	-497	168.01393	38.39657	19666.3	21433.9	19579.5708253092	21300.7256352077
405/561	19713.4	21213.9	19652.3	21078.9	132.68025	1898.44995	344.6004	1.11328	1.73444	226.37161	5847.38965	38115	2	49	1	-481	-481	341.72099	26.38514	19713.4	21213.9	19626.1372277715	21081.3516472803
405/561	19726.1	21334.1	19665	21199.2	221.76178	4346.94141	370.88739	0.64181	1.35485	177.69112	-5124.36426	38118	3	1	1	-483	-483	782.44945	15.11318	19726.1	21334.1	19638.8349005881	21201.654807587
405/561	17302.7	21449.6	17241.6	21314.7	266.97482	2277.47998	372.86548	0.73282	1.34041	133.27177	4145.75781	38431	1	2	1	-490	-490	409.9464	16.09545	17302.7	21449.6	17215.1919117559	21317.4844916394
405/561	17513.3	21353.7	17452.2	21218.8	205.74451	1591.40881	355.04779	0.40113	1.56396	172.98363	3663.19067	38532	1	5	1	-478	-478	286.45359	22.06757	17513.3	21353.7	17425.7134239251	21221.6908577199
405/561	19064	21300.4	19002.9	21165.5	168.45705	1433.40906	372.39218	0.66572	1.35426	408.8428	1749.38416	38608	1	2	1	-494	-494	258.01363	38.01819	19064	21300.4	18976.3543380202	21168.470889849
405/561	18935.9	21259.6	18874.9	21124.7	308.98434	7126.43066	345.87384	1.03864	1.71615	253.76709	11709.38086	39838	3	9	1	-482	-482	1282.75752	9.90009	18935.9	21259.6	18847.3949196225	21128.9654457023
405/561	18920.7	21610.2	18859.6	21475.3	178.38004	1283.78906	342.47885	1.21921	1.75956	363.7847	1501.65637	40856	1	68	1	-477	-477	231.08203	34.20407	18920.7	21610.2	18831.2961651452	21480.635832329
405/561	18056.6	21491.2	17995.5	21356.3	206.54112	1820.32971	378.99353	1.26718	1.24325	297.71555	2250.72559	41043	1	1	1	-476	-476	327.65935	27.33427	18056.6	21491.2	17967.0489559896	21361.832348229
405/561	17525.9	21444.4	17464.8	21309.5	149.56281	1268.47449	371.78265	0.68031	1.34891	168.45946	1614.33032	41385	1	38	1	-487	-487	228.32541	29.01137	17525.9	21444.4	17436.0793302298	21315.3916632726
405/561	18178.5	21354.1	18117.4	21219.2	146.03868	1282.1416	378.26318	1.05255	1.28656	193.8299	3485.32666	41663	1	6	1	-498	-498	230.78549	31.40127	18178.5	21354.1	18088.4597760972	21225.3836527385
405/561	18375	21152.4	18313.9	21017.5	103.67784	773.02612	348.58936	0.80676	1.65609	259.69788	3135.80908	41800	1	60	1	-476	-476	139.1447	49.17607	18375	21152.4	18284.851450072	21023.8275183235
405/561	19746	21208.2	19685	21073.3	137.45349	976.71466	340.30319	1.37347	1.80098	212.9046	3061.89453	42360	1	9	1	-479	-479	175.80864	34.57985	19746	21208.2	19655.5077613223	21080.2153831985
405/561	19809.8	21316.5	19748.7	21181.5	199.88177	1685.28601	370.68948	0.63127	1.35664	227.23375	4517.22363	42609	1	3	1	-483	-483	303.35148	25.1906	19809.8	21316.5	19719.010008655	21188.676668928
405/561	19305.9	21206.9	19244.8	21072	134.43864	1114.25427	367.52777	0.3718	1.40764	238.99112	1864.38953	42996	1	9	1	-488	-488	200.56577	37.07676	19305.9	21206.9	19214.8020733423	21079.5826338826
405/561	17603.9	21610.7	17542.8	21475.8	130.56224	1111.11108	372.41742	0.66529	1.35444	49.21185	1433.07373	43337	1	64	1	-494	-494	200	21.09693	17603.9	21610.7	17512.5301413234	21483.7402117532
405/561	19851.7	21200.4	19790.6	21065.5	142.13928	1210.24023	372.51071	0.66366	1.35512	208.79999	4172.54492	43660	1	63	1	-495	-495	217.84324	33.21972	19851.7	21200.4	19760.0720377374	21073.7787979083
405/561	17466.5	21448.8	17405.5	21313.9	482.72556	5543.22363	367.21341	0.46248	1.38468	167.39752	6852.07471	43920	2	1	1	-473	-473	997.78025	10.16723	17466.5	21448.8	17374.7638995456	21322.4512604482
405/561	18851	21403.1	18789.9	21268.2	121.25943	882.65796	344.42804	1.24407	1.77557	262.10724	2594.61401	44485	1	55	1	-496	-496	158.87843	42.56717	18851	21403.1	18758.7104206527	21277.3430810363
405/561	19833.8	21312.5	19772.8	21177.6	124.83206	1025.53381	365.90805	0.3783	1.40047	270.80896	2046.27942	45824	1	65	1	-472	-472	184.59609	42.00361	19833.8	21312.5	19740.529064197	21188.1441677998
405/561	19760	21221.5	19698.9	21086.6	122.84291	1015.32898	367.01886	0.43769	1.38997	165.47299	5435.27246	46465	1	50	1	-475	-475	182.75922	34.45971	19760	21221.5	19666.1079705922	21097.8141284048
405/561	19687.3	21202.7	19626.2	21067.8	189.90892	1363.18188	342.03006	1.14466	1.73361	135.05125	2282.82129	46846	1	63	1	-466	-466	245.37274	21.59831	19687.3	21202.7	19593.097153997	21079.4121009657
405/561	17993.6	21376.7	17932.5	21241.8	114.94855	2231.19482	347.71609	0.74514	1.63402	151.84729	4666.93701	47561	2	33	1	-462	-462	401.61507	19.60038	17993.6	21376.7	17898.8116247142	21254.1584557942
405/561	19324.3	21333.2	19263.2	21198.3	545.39752	10344.83008	348.56558	0.95586	1.70121	347.35608	13379.45898	48121	3	73	1	-494	-494	1862.06941	8.14825	19324.3	21333.2	19229.0509449594	21211.2425512222
405/561	19801.2	21378.3	19740.2	21243.4	106.71909	825.66809	355.09268	0.34657	1.54897	281.75266	1129.96118	48828	1	47	1	-472	-472	148.62026	49.63318	19801.2	21378.3	19705.4666569078	21257.0793771741
405/561	19632.4	21456.3	19571.3	21321.4	252.98392	2022.83289	360.98868	0.02441	1.47174	230.34421	4077.32275	49017	1	60	1	-475	-475	364.10992	20.51278	19632.4	21456.3	19536.4099452905	21335.276236018
405/561	17967.5	21229.6	17906.4	21094.6	114.91871	971.79523	371.23767	0.7701	1.32651	185.03954	3174.21973	49118	1	13	1	-469	-469	174.92314	38.42042	17967.5	21229.6	17871.4261096282	21108.5814156845
405/561	18538.1	21401.2	18477	21266.3	200.74675	1500.69763	349.04578	0.72337	1.63304	311.12061	3380.99854	49542	1	1	1	-469	-469	270.12557	28.61374	18538.1	21401.2	18441.6734736691	21280.7228084455
405/561	19366.8	21570.3	19305.8	21435.4	140.05075	1177.62854	370.18726	0.70324	1.33827	175.01347	2597.25928	49626	1	9	1	-468	-468	211.97314	31.28125	19366.8	21570.3	19270.4034781697	21449.9102245291
405/561	19759.3	21410.4	19698.2	21275.5	219.63982	1613.23877	345.98227	1.14724	1.75076	202.79445	3207.15283	49885	1	5	1	-497	-497	290.38298	22.14766	19759.3	21410.4	19662.587377919	21290.2796951594
405/561	19547.6	21140.1	19486.5	21005.2	84.40354	750.71844	380.73105	1.37408	1.22651	326.06674	852.33093	50091	1	47	1	-478	-478	135.12932	66.50334	19547.6	21140.1	19450.7151942271	21020.1939555473
405/561	19126.6	21264.4	19065.6	21129.5	197.40605	1605.48352	364.06821	0.3258	1.40673	382.8873	2374.1521	50843	1	72	1	-462	-462	288.98703	31.78826	19126.6	21264.4	19029.1843157396	21145.2755942999
405/561	19752.3	21400.6	19691.2	21265.7	402.93137	3310.97583	365.95065	0.1684	1.45249	166.96162	11011.92773	51549	1	7	1	-500	-500	595.97565	12.35906	19752.3	21400.6	19654.1886432733	21282.208669094
405/561	19066.5	21234.9	19005.4	21100	209.20216	1715.54968	365.57678	0.14779	1.45639	310.16672	4253.85352	52407	1	5	1	-500	-500	308.79894	27.49435	19066.5	21234.9	18967.6601955713	21117.3985683826
405/561	20006.8	21138.9	19945.7	21003.9	213.01393	1804.47852	371.5625	0.68012	1.34823	186.95789	2567.61841	53011	1	16	1	-485	-485	324.80613	22.03183	20006.8	21138.9	19907.4443443312	21021.924347379
405/561	17811.6	21458.6	17750.5	21323.7	320.89114	4592.52637	345.7345	0.94751	1.68727	195.58643	12096.20215	53124	2	60	1	-470	-470	826.65475	11.35539	17811.6	21458.6	17712.147551034	21341.8413587648
405/561	19365.3	21167.5	19304.2	21032.6	164.80417	1431.0918	376.19211	0.96255	1.29967	216.54575	2934.56641	53295	1	11	1	-491	-491	257.59652	29.43741	19365.3	21167.5	19265.7009039647	21050.9183908769
405/561	19709.8	21416.6	19648.7	21281.7	231.87006	8712.48828	355.55887	0.40916	1.56812	217.84499	13336.79492	54319	3	5	1	-484	-484	1568.24789	8.26799	19709.8	21416.6	19609.3183367453	21301.0775368663
405/561	19789.6	21445.9	19728.5	21311	111.76006	864.99835	355.16028	0.37224	1.55635	281.46194	1806.42297	54531	1	64	1	-476	-476	155.6997	47.47504	19789.6	21445.9	19688.9346618427	21330.5966011166
405/561	19253.4	21154.3	19192.3	21019.4	97.93559	831.30157	371.93674	0.67367	1.35094	166.24953	20292.03711	56383	1	89	1	-489	-489	149.63428	42.57597	19253.4	21154.3	19151.1157214716	21040.907122225
405/561	18951.1	21127	18890.1	20992.1	111.26673	875.27594	358.05511	0.31705	1.5519	52.57863	4116.28467	57937	1	72	1	-493	-493	157.54967	24.51529	18951.1	21127	18847.5366501583	21015.2056501164
405/561	18028.4	21196.8	17967.3	21061.8	545.41858	4403.85059	362.7533	0.07777	1.46435	412.53232	5201.30322	58167	1	13	1	-484	-484	792.69311	13.02256	18028.4	21196.8	17924.53088569	21085.1418733537
405/561	19973.9	21578.2	19912.8	21443.3	249.77304	3894.16699	351.40305	0.72613	1.64316	261.74564	5584.1123	58234	2	4	1	-488	-488	700.95006	15.04286	19973.9	21578.2	19869.9708639825	21466.7106681017
405/561	19906	21464.4	19844.9	21329.5	314.1445	2303.14014	345.6651	1.01505	1.70794	417.19717	4258.05127	58550	1	4	1	-478	-478	414.56522	21.43512	19906	21464.4	19801.7872773225	21353.2350221352
405/561	19711.5	21160.1	19650.4	21025.2	243.07083	3374.90479	357.56516	0.24291	1.52993	406.03293	6258.26758	59585	2	62	1	-480	-480	607.48286	21.28121	19711.5	21160.1	19606.3525999716	21049.9960883495
405/561	19749.1	21292.4	19688	21157.5	192.16454	4139.58301	359.05829	0.16708	1.51504	322.38647	8595.74707	60330	2	3	1	-483	-483	745.12494	16.09434	19749.1	21292.4	19643.2741696944	21183.0585990457
405/561	19317.3	21371.9	19256.2	21237	126.39198	1074.25696	372.18115	0.66941	1.35272	238.20305	4073.74658	60783	1	31	1	-492	-492	193.36625	39.22284	19317.3	21371.9	19211.0592931297	21263.0217241376
405/561	19471.8	21111	19410.7	20976.1	269.52066	4909.15234	375.1105	1.02282	1.28302	335.75891	8855.03418	61249	2	6	1	-471	-471	883.64742	15.1669	19471.8	21111	19365.1306260702	21002.5977217097
405/561	19181.3	21142.7	19120.2	21007.8	91.87034	779.29852	371.81277	0.6758	1.35005	245.25102	2456.98877	61755	1	7	1	-488	-488	140.27373	53.75021	19181.3	21142.7	19074.1629731476	21034.8140915016
405/561	19866.5	21117.7	19805.4	20982.8	370.45374	2935.76782	359.38	0.16538	1.51575	313.53137	3849.97437	61842	1	6	1	-485	-485	528.43821	16.48398	19866.5	21117.7	19759.2823346222	21009.9028230258
405/561	19050.4	21169.2	18989.4	21034.3	112.76743	822.96155	344.87204	1.15	1.7472	242.3423	-4838.96973	62236	1	30	1	-488	-488	148.13308	44.02679	19050.4	21169.2	18942.9162951542	21061.8044784565
405/561	19015.7	21207.5	18954.6	21072.6	109.81638	930.47784	371.60324	0.67941	1.34853	163.00548	1329.25684	63034	1	67	1	-485	-485	167.48601	37.96153	19015.7	21207.5	18907.3709167796	21100.9171717334
405/561	19489.2	21119.2	19428.1	20984.3	108.0977	908.57507	370.11118	0.70448	1.33772	262.98849	1712.94836	63146	1	56	1	-467	-467	163.54351	47.51357	19489.2	21119.2	19380.7659020868	21012.7311611899
405/561	19722.4	21563.5	19661.3	21428.6	325.40149	2633.71045	363.19034	0.19846	1.43531	354.37415	1760.24243	63176	1	6	1	-472	-472	474.06788	19.4084	19722.4	21563.5	19613.9377573102	21457.061691468
405/561	17508.3	21400.7	17447.2	21265.8	131.20139	1122.47058	373.40344	0.8424	1.31737	124.41071	1415.90149	63337	1	35	1	-480	-480	202.0447	28.92417	17508.3	21400.7	17399.6866013861	21294.4255194364
405/561	18765.2	21351.1	18704.1	21216.2	135.97678	1157.89026	372.53009	0.66331	1.35526	174.33461	3124.99341	63554	1	65	1	-496	-496	208.42025	32.08242	18765.2	21351.1	18656.3825773663	21245.0462869991
405/561	19510	21305.8	19448.9	21170.9	121.99448	914.39819	349.50842	0.78886	1.65439	320.62256	2807.77661	64339	1	0	1	-481	-481	164.59167	46.3307	19510	21305.8	19400.4419191888	21200.5445918288
405/561	19290.8	21335.4	19229.7	21200.4	92.03525	725.77094	358.49472	0.07835	1.48934	57.58398	3525.36084	64664	1	12	1	-467	-467	130.63877	29.614	19290.8	21335.4	19180.9341911683	21230.3750027173
405/561	19646.8	21328.1	19585.7	21193.2	270.93845	2035.00415	349.87054	0.87435	1.68147	455.5939	3363.8291	65343	1	5	1	-494	-494	366.30075	25.50625	19646.8	21328.1	19536.2894936078	21223.8652537647
405/561	19512.6	21248.1	19451.5	21113.2	289.116	2130.77637	346.57156	0.8501	1.6609	287.59012	13418.1582	65592	1	62	1	-465	-465	383.53975	19.87365	19512.6	21248.1	19401.8525326217	21144.1183925707
405/561	19947	21257	19885.9	21122.1	256.57806	2072.34717	362.81192	0.07773	1.46457	419.56433	4417.3374	66412	1	1	1	-484	-484	373.02249	25.88878	19947	21257	19835.4704686458	21153.8522353576
405/561	19711.6	21248.3	19650.5	21113.4	264.86899	2144.44629	363.24704	0.24056	1.42494	547.27899	3712.46338	66468	1	3	1	-466	-466	386.00033	28.22009	19711.6	21248.3	19600.0169758773	21145.2091985505
405/561	19584.8	21343.4	19523.7	21208.5	271.71234	3987.85645	376.32196	0.996	1.29277	311.22382	4843.74902	67064	2	6	1	-487	-487	717.81416	17.87557	19584.8	21343.4	19472.6471248776	21240.9156522123
405/561	18881.4	21255.2	18820.4	21120.3	446.08865	3684.21802	366.87839	0.32147	1.4177	425.40396	4644.69971	68516	1	3	1	-489	-489	663.15924	15.72459	18881.4	21255.2	18767.9561189208	21154.1953400903
405/561	18341.1	21251.2	18280	21116.3	189.34322	1359.60754	342.09125	1.33078	1.79433	244.23912	4877.37207	68729	1	77	1	-488	-488	244.72936	27.28163	18341.1	21251.2	18227.3519203792	21150.4127524366
405/561	19596	21261	19535	21126.1	187.11934	1383.96716	347.18713	1.01181	1.71305	305.81732	2486.43774	69529	1	79	1	-489	-489	249.11409	30.32015	19596	21261	19481.5850856178	21161.0303400234
405/561	17505.6	21546.2	17444.5	21411.3	241.4628	1694.93127	338.2291	1.43557	1.81283	209.6925	3038.20923	69657	1	6	1	-471	-471	305.08763	20.63844	17505.6	21546.2	17390.9624378763	21446.3613173888
405/561	20030.2	21309.9	19969.1	21175	219.3786	1669.40247	352.16278	0.64108	1.62121	338.36588	2711.12695	69900	1	5	1	-484	-484	300.49244	27.31335	20030.2	21309.9	19915.329656927	21210.3101050197
405/561	17520.3	21530	17459.2	21395.1	195.50668	1646.40076	370.46487	0.69868	1.34028	275.44342	1905.17859	70732	1	15	1	-471	-471	296.35214	27.83148	17520.3	21530	17404.6334601894	21431.2633785683
405/561	19673.1	21354.2	19612	21219.3	135.49631	1100.55237	363.83267	0.03814	1.47828	305.74179	1300.43848	70869	1	56	1	-498	-498	198.09943	41.03259	19673.1	21354.2	19557.302512166	21255.6041151091
405/561	19616.8	21181.7	19555.7	21046.8	177.82124	1503.31165	371.18695	0.68654	1.34551	239.69664	3728.66211	72621	1	9	1	-480	-480	270.5961	28.64659	19616.8	21181.7	19499.3337995192	21084.9106867478
405/561	17552.2	21411.5	17491.2	21276.6	158.06171	1242.25085	357.89148	0.1412	1.50378	252.5896	1831.01318	74186	1	79	1	-469	-469	223.60515	32.66422	17552.2	21411.5	17433.3564053605	21316.3370011601
405/561	18282.4	21126.3	18221.3	20991.4	277.37152	4151.00684	363.83813	0.14892	1.45009	335.0495	4688.06348	74410	2	1	1	-484	-484	747.18123	16.70801	18282.4	21126.3	18163.2462779113	21031.3708993492
405/561	19768.4	21291.3	19707.3	21156.4	136.60164	1156.41553	371.44031	0.8224	1.31529	282.45639	2785.4707	76145	1	8	1	-463	-463	208.15479	39.30257	19768.4	21291.3	19647.6326867378	21198.193367347
405/561	17685.5	21526.8	17624.5	21391.9	333.8623	2658.17383	360.22015	0.07314	1.49438	219.24129	4234.02832	78165	1	2	1	-481	-481	478.47129	15.81497	17685.5	21526.8	17562.9918638993	21435.842541427
405/561	19384.9	21315.1	19323.8	21180.1	198.38919	1718.07068	375.68304	1.13073	1.26147	371.21927	2975.97192	78497	1	1	1	-460	-460	309.25272	31.20658	19384.9	21315.1	19261.993912578	21224.3989283175
405/561	19989.4	21093.1	19928.3	20958.2	77.65826	575.08221	347.40109	0.94557	1.69347	327.40411	2306.21631	79316	1	73	1	-483	-483	103.5148	72.25684	19989.4	21093.1	19865.765120105	21003.3822181241
405/561	18628.2	21321.8	18567.1	21186.8	101.87498	847.74323	368.26331	0.38344	1.40731	264.9357	2594.97656	79365	1	15	1	-493	-493	152.59378	50.44244	18628.2	21321.8	18504.5218087889	21232.0352563573
405/561	19805.9	21336.1	19744.8	21201.2	144.68492	1032.54016	341.03732	1.41831	1.819	300.20667	2029.06738	80341	1	52	1	-490	-490	185.85723	38.27103	19805.9	21336.1	19681.3663860391	21247.496401171
405/561	19843.8	21239.7	19782.7	21104.8	223.57523	1673.08191	349.22617	0.89441	1.68504	298.52499	2570.55713	81996	1	4	1	-492	-492	301.15474	25.46277	19843.8	21239.7	19717.8500634324	21152.9175309071
405/561	17672	21510.5	17610.9	21375.6	254.97116	2214.45264	376.22507	1.07006	1.27637	244.89958	2001.46216	82208	1	62	1	-476	-476	398.60147	20.85094	17672	21510.5	17545.8719961868	21423.952909192
405/561	20048.6	21401.6	19987.6	21266.7	282.04883	5129.66895	379.61362	1.33576	1.23092	276.32352	7430.1543	83355	2	4	1	-472	-472	923.34041	13.77721	20048.6	21401.6	19921.6228526453	21316.3351588132
405/561	18414.7	21537.7	18353.6	21402.8	105.9886	841.32513	359.67676	0.03748	1.48301	254.00217	1206.09827	84405	1	64	1	-471	-471	151.43852	47.66775	18414.7	21537.7	18286.7763202674	21453.6225363467
405/561	18011.4	21521.9	17950.3	21387	159.56624	3041.72705	372.34106	0.81801	1.31936	291.97369	4243.40088	85075	2	27	1	-473	-473	547.51087	21.91321	18011.4	21521.9	17882.9480445113	21438.5873271241
405/561	17487.8	21473.5	17426.7	21338.6	178.93752	1402.99695	357.46844	0.14597	1.50344	170.13475	1913.01135	85292	1	9	1	-466	-466	252.53945	24.80771	17487.8	21473.5	17359.1790150381	21390.4362589845
405/561	18620.7	21121.2	18559.7	20986.3	143.62198	1911.47046	351.84042	0.47553	1.57231	140.50446	4783.24512	85708	2	4	1	-461	-461	344.06468	22.30231	18620.7	21121.2	18491.8578831396	21038.6151948098
405/561	17749.4	21274.1	17688.4	21139.2	124.30499	1019.18011	365.54532	0.43973	1.38421	171.05237	2210.66626	86680	1	55	1	-460	-460	183.45242	34.56476	17749.4	21274.1	17619.8229144633	21192.6432952875
405/561	18388.4	21405.9	18327.3	21271	291.07233	2092.02808	342.24991	1.38353	1.81241	301.58969	1896.17627	87762	1	6	1	-496	-496	376.56505	20.13237	18388.4	21405.9	18257.9313005478	21325.7145551476
405/561	20116.1	21579.5	20055	21444.6	181.83754	1322.31055	344.25876	1.26157	1.78056	104.11321	3366.98828	88298	1	62	1	-497	-497	238.0159	20.4491	20116.1	21579.5	19985.2500012059	21499.9505971756
405/561	19171.7	21119.1	19110.6	20984.2	179.84689	1387.40771	354.57706	0.52973	1.59837	192.11679	3122.56836	88795	1	66	1	-490	-490	249.73339	25.91301	19171.7	21119.1	19040.5031085809	21040.1441980047
405/561	18386.4	21440.9	18325.3	21306	198.12167	1663.42163	369.90927	0.66251	1.34675	189.72565	2421.0354	88804	1	7	1	-471	-471	299.41589	23.63128	18386.4	21440.9	18255.1968869744	21361.9549818677
405/561	18065.8	21543	18004.7	21408.1	150.14717	1265.64258	370.64401	0.62082	1.35892	230.19969	1587.59216	88874	1	80	1	-484	-484	227.81566	32.91562	18065.8	21543	17934.5485704484	21464.1388986567
405/561	17927	21432.6	17865.9	21297.6	283.16336	1986.74011	338.15207	1.38214	1.79448	267.13464	2232.1272	89270	1	3	1	-465	-465	357.61322	19.67639	17927	21432.6	17795.4777172835	21354.1150488171
405/561	17551	21337.8	17489.9	21202.8	134.22925	1096.69116	364.90402	0.22236	1.43539	143.27385	1603.07495	89411	1	46	1	-484	-484	197.40441	29.97467	17551	21337.8	17419.3823050081	21259.4851750642
405/561	19699.5	21150.1	19638.4	21015.2	165.21054	1352.44934	365.25961	0.14758	1.45536	379.46365	746.25018	89774	1	4	1	-497	-497	243.44088	37.45518	19699.5	21150.1	19567.6391891576	21072.3245978965
405/561	19214.4	21251.3	19153.3	21116.4	110.28386	1653.32471	368.71042	0.56295	1.36595	158.52747	2831.80664	89808	2	2	1	-473	-473	297.59845	29.17478	19214.4	21251.3	19082.5166055054	21173.5658628477
405/561	17895.7	21127	17834.7	20992.1	168.6454	1371.88208	364.10883	0.20265	1.43753	215.34021	3233.60425	90191	1	53	1	-479	-479	246.93877	28.76614	17895.7	21127	17763.6644537399	21049.7319784725
405/561	19895.6	21203.4	19834.5	21068.5	134.08867	1099.43945	365.55243	0.25504	1.42952	229.0713	1428.21716	90705	1	4	1	-486	-486	197.8991	36.49151	19895.6	21203.4	19763.1326368477	21126.7612582828
405/561	19176.9	21408.5	19115.8	21273.6	129.4624	987.83374	352.63882	0.60182	1.61167	148.18355	1816.81323	90821	1	15	1	-483	-483	177.81007	31.40532	19176.9	21408.5	19044.3588114354	21332.0038747813
405/561	18842.6	21218	18781.6	21083	91.65823	814.64899	380.59192	1.29714	1.24196	348.89944	-703.1499	91684	1	11	1	-488	-488	146.63682	63.37785	18842.6	21218	18709.6221017275	21142.4719645876
405/561	19610	21332	19548.9	21197.1	437.63895	7685.85986	383.26627	1.43303	1.22215	359.0513	8500.69336	92970	2	6	1	-496	-496	1383.45478	10.83445	19610	21332	19476.1646802647	21258.1873833901
405/561	19636.7	21249.7	19575.6	21114.8	513.12048	5556.36621	354.75247	0.51928	1.59606	243.2626	8698.11914	93068	2	8	1	-491	-491	1000.14592	10.88857	19636.7	21249.7	19502.8091069224	21176.0116877483
405/561	19630.4	21155.3	19569.3	21020.4	231.92809	1866.71973	362.17871	0.19238	1.43312	293.54517	1017.45416	93484	1	48	1	-463	-463	336.00955	24.44183	19630.4	21155.3	19496.2766723246	21082.141281526
405/561	17682.6	21350.4	17621.6	21215.5	85.98687	653.18402	351.85339	0.52694	1.58707	289.57947	1115.21472	93925	1	1	1	-468	-468	117.57312	61.82934	17682.6	21350.4	17548.3364798671	21277.80615971
405/561	18356.7	21325.2	18295.6	21190.3	198.63831	1462.31958	346.3775	1.02322	1.71337	281.48605	10602.03223	94333	1	29	1	-484	-484	263.21752	27.69721	18356.7	21325.2	18222.1200500922	21253.1319842865
405/561	17326.1	21378.6	17265	21243.7	77.49296	602.14026	355.85883	0.28174	1.53406	247.93787	804.76678	95232	1	2	1	-470	-470	108.38525	63.6014	17326.1	21378.6	17191.0632532949	21307.7017323056
405/561	17876.7	21323.4	17815.6	21188.5	110.01407	1629.9635	365.39532	0.38954	1.3959	162.95496	2857.53516	95420	2	29	1	-466	-466	293.39343	29.41916	17876.7	21323.4	17741.5712892534	21252.7483198808
405/561	19838.3	21189.9	19777.2	21055	126.42229	2362.99805	379.36508	1.18887	1.26086	305.15326	2913.54272	96869	2	25	1	-491	-491	425.33965	29.33117	19838.3	21189.9	19702.5051551961	21121.1723728464
405/561	17688	21274	17626.9	21139.1	240.50124	2071.67383	374.68134	0.77814	1.33595	232.09367	3969.45435	97641	1	3	1	-500	-500	372.90129	21.50986	17688	21274	17551.8820118061	21206.3148961456
405/561	20020.2	21564.3	19959.1	21429.4	129.26376	2280.91846	350.79861	0.60941	1.60666	341.5473	3937.26563	98260	2	4	1	-469	-469	410.56532	27.51443	20020.2	21564.3	19883.839400993	21497.4598171882
405/561	18332.9	21365.9	18271.8	21231	273.62363	7640.97217	353.67798	0.48229	1.58152	304.27957	12369.33984	98643	5	87	1	-477	-477	1375.37499	12.77097	18332.9	21365.9	18196.3967882168	21299.5866931145
405/561	19925.2	21260.5	19864.1	21125.6	82.58764	607.62689	346.2749	1.06182	1.725	195.6515	992.32294	98769	1	35	1	-488	-488	109.37284	53.73426	19925.2	21260.5	19788.6511406355	21194.3607168525
405/561	17841.7	21230.9	17780.6	21096	183.15167	1579.57422	374.90793	0.84854	1.32085	371.7869	1394.12915	99306	1	8	1	-494	-494	284.32336	33.66437	17841.7	21230.9	17704.9637243334	21165.506266383
405/561	19716.8	21331.8	19655.7	21196.9	216.10254	4472.771	361.54361	0.04722	1.49235	225.47078	6377.04199	100884	3	1	1	-489	-489	805.09878	15.48906	19716.8	21331.8	19579.5814778303	21268.6342431419
405/561	20121.8	21440.5	20060.7	21305.6	145.26709	1038.68335	341.36423	1.22301	1.75605	283.97168	2849.58667	103214	1	5	1	-470	-470	186.963	37.20265	20121.8	21440.5	19984.0652150354	21380.7296447196
405/561	18516.7	21218.8	18455.6	21083.9	141.97641	1027.92554	343.50479	1.22547	1.76583	230.82777	9381.4873	103446	1	5	1	-486	-486	185.0266	34.7337	18516.7	21218.8	18378.9271356234	21159.3748894634
405/561	18502.5	21232.3	18441.4	21097.4	192.82214	2264.93652	345.89136	1.15272	1.75214	239.60269	3400.45801	103717	2	3	1	-497	-497	407.68857	23.10424	18502.5	21232.3	18364.6857962888	21173.2798548728
405/561	17743.4	21482.4	17682.4	21347.4	113.06222	942.01245	368.49332	0.36344	1.41292	176.68518	1840.83777	103731	1	5	1	-498	-498	169.56224	38.24397	17743.4	21482.4	17605.6837530839	21423.3008251033
405/561	18583.7	21240.9	18522.6	21106	101.69903	738.19446	343.94345	1.08561	1.72296	177.7637	2749.07983	104227	1	4	1	-473	-473	132.875	42.34112	18583.7	21240.9	18445.8172671508	21182.6469301922
405/561	18490.7	21303.6	18429.7	21168.6	230.54633	1653.91345	341.93011	1.31097	1.78716	271.71918	3203.40894	104785	1	2	1	-484	-484	297.70442	23.82449	18490.7	21303.6	18352.8562383421	21246.0936547654
405/561	17665.8	21294.4	17604.7	21159.5	135.23206	974.11292	342.62961	1.26879	1.77627	206.47292	1342.81824	104798	1	1	1	-484	-484	175.34032	34.64756	17665.8	21294.4	17527.8549896024	21237.0134735103
405/561	19640.4	21257.4	19579.3	21122.5	177.26801	2336.94751	380.81451	1.22411	1.25787	253.48694	2593.03613	107456	2	12	1	-500	-500	420.65055	27.49352	19640.4	21257.4	19502.3622119905	21204.1512877455
405/561	18828.2	21296.1	18767.1	21161.2	96.74615	758.7486	357.51328	0.23941	1.52879	56.86124	2364.13232	107463	1	63	1	-479	-479	136.57475	28.26505	18828.2	21296.1	18690.1623882314	21242.8624044582
405/561	19378	21162.5	19316.9	21027.6	191.0863	1338.83569	337.91611	1.41636	1.80495	326.32697	1916.77917	108132	1	6	1	-467	-467	240.99042	30.58476	19378	21162.5	19239.9892307188	21110.3300004883
405/561	19406.2	21137.3	19345.1	21002.4	418.58667	3471.86279	367.6619	0.51123	1.37458	353.58011	2826.89746	108142	1	2	1	-471	-471	624.9353	15.49072	19406.2	21137.3	19268.1897814669	21085.1460354732
405/561	19432	21136.7	19371	21001.8	267.38132	1944.10547	344.23453	1.04901	1.71263	217.28218	2950.75024	108265	1	4	1	-471	-471	349.93898	19.11986	19432	21136.7	19294.0969141785	21084.7434496094
405/561	18422.9	21294.3	18361.8	21159.4	103.4693	885.4718	373.45789	0.80072	1.32693	236.33102	2873.50684	109549	1	41	1	-486	-486	159.38492	47.20417	18422.9	21294.3	18285.0106300076	21244.4242787051
405/561	17435.3	21543.1	17374.2	21408.2	81.89922	687.36884	369.841	0.70885	1.33577	157.39664	868.91089	110039	1	42	1	-463	-463	123.72639	49.14759	17435.3	21543.1	17297.4726999346	21494.0278148016
405/561	19186.6	21289	19125.5	21154.1	234.15065	2069.06226	379.48895	1.28481	1.24112	275.47714	3000.02954	110527	1	7	1	-478	-478	372.43121	23.5952	19186.6	21289	19048.8446282349	21240.7331408066
405/561	17766.9	21490.6	17705.8	21355.7	282.61649	2473.32715	377.66095	1.00398	1.29522	283.86111	2885.87769	112504	1	2	1	-499	-499	445.19889	20.15551	17766.9	21490.6	17629.5373953515	21445.6458801601
405/561	19686.4	21239.2	19625.3	21104.3	257.68588	12062.33594	376.58957	0.98492	1.29603	294.293	19332.95898	113499	4	10	1	-491	-491	2171.22047	8.527	19686.4	21239.2	19549.2952449929	21195.9424627336
405/561	17257.6	21520.5	17196.5	21385.6	243.64944	1704.03931	337.61142	1.43324	1.80929	212.90306	1268.11743	113994	1	55	1	-466	-466	306.72708	20.5948	17257.6	21520.5	17120.6381963409	21478.0935225758
405/561	19784.6	21329	19723.6	21194.1	187.22061	5114.4043	349.94638	0.73882	1.64123	268.98727	6791.70215	114616	3	30	1	-478	-478	920.59277	13.89549	19784.6	21329	19647.9314557525	21287.6693969745
405/561	17493.2	21346.8	17432.1	21211.9	163.38518	1301.70349	360.33774	0.19631	1.52745	251.12331	1148.03479	115008	1	7	1	-498	-498	234.30663	31.59556	17493.2	21346.8	17356.5609731617	21306.1510707922
405/561	17358.4	21425.4	17297.3	21290.5	73.81373	1333.6134	345.57053	0.95633	1.68932	187.9201	2178.21777	115023	2	32	1	-470	-470	240.05041	34.04729	17358.4	21425.4	17221.766046943	21384.7772103223
405/561	17864.4	21440	17803.3	21305.1	104.63591	813.40082	355.93604	0.31976	1.5448	140.18855	1766.72498	115637	1	22	1	-476	-476	146.41215	37.26517	17864.4	21440	17727.9811316642	21400.4506289138
405/561	18544.7	21131.5	18483.7	20996.5	84.64583	646.87122	352.9118	0.46731	1.57428	230.71165	1499.88574	115737	1	23	1	-469	-469	116.43682	56.54546	18544.7	21131.5	18408.4175226479	21092.0260831149
405/561	19146.9	21206.7	19085.8	21071.8	95.8461	1828.35376	382.91141	1.41001	1.22577	157.90163	4716.71777	115785	2	46	1	-495	-495	329.10368	28.44756	19146.9	21206.7	19010.5351250167	21167.4103632497
405/561	19935	21279.9	19874	21145	122.83327	955.88403	356.12677	0.32521	1.54702	250.99576	1371.83386	115920	1	72	1	-478	-478	172.05913	41.2421	19935	21279.9	19798.7850991894	21240.8476163822
405/561	17202.8	21304.7	17141.7	21169.7	153.71126	3713.91943	346.46539	1.04953	1.72192	195.08217	1475.03711	116202	3	6	1	-488	-488	668.5055	16.00691	17202.8	21304.7	17066.5917078569	21266.0442303789
405/561	17909.8	21255.1	17848.8	21120.2	181.02449	1568.63916	375.79666	1.07159	1.27465	249.18634	1423.11646	116519	1	4	1	-471	-471	282.35505	28.63893	17909.8	21255.1	17773.8151116518	21217.1041102162
405/561	17429.6	21407.3	17368.6	21272.4	93.78821	670.28009	341.28256	1.41303	1.81825	193.29213	2730.65308	117500	1	75	1	-491	-491	120.65042	47.39234	17429.6	21407.3	17294.020635728	21371.0474397842
405/561	19181.2	21406.1	19120.2	21271.1	192.46028	4178.58643	372.09796	0.7854	1.32593	178.12004	5085.99902	117548	3	44	1	-475	-475	752.14556	15.76668	19181.2	21406.1	19045.6413859534	21369.8331482117
405/561	17917.9	21238.1	17856.8	21103.2	91.17408	807.59961	379.94647	1.32033	1.23516	245.42213	-1050.34534	117642	1	5	1	-478	-478	145.36793	54.1533	17917.9	21238.1	17782.2822652559	21202.1011024633
405/561	19447.7	21132.2	19386.6	20997.3	125.68938	1048.87097	368.78375	0.39231	1.4069	277.03659	472.55762	121043	1	40	1	-497	-497	188.79677	42.15555	19447.7	21132.2	19313.772601564	21102.3698817403
405/561	19894.2	21076.1	19833.2	20941.2	140.3	1100.00537	357.46094	0.26966	1.53681	295.76563	1795.1582	122894	1	6	1	-482	-482	198.00097	39.12517	19894.2	21076.1	19761.4585855225	21049.6968082669
405/561	19958.4	21201.1	19897.3	21066.2	92.13825	677.58868	346.19687	0.95196	1.69056	234.67001	2092.98218	123301	1	25	1	-474	-474	121.96596	52.56133	19958.4	21201.1	19825.8123877314	21175.4563272856
405/561	17777.5	21286.4	17716.5	21151.5	165.83733	2962.55127	365.67001	0.41922	1.38966	280.37952	2883.78076	123389	2	9	1	-464	-464	533.25923	21.34462	17777.5	21286.4	17645.0679622247	21260.9208208651
405/561	17807.5	21430.9	17746.4	21296	239.59445	3024.76538	371.8559	0.59544	1.36881	226.27386	5621.51465	123391	2	3	1	-498	-498	544.45777	19.73285	17807.5	21430.9	17674.9692281554	21405.4245604748
405/561	19545.6	21130.5	19484.5	20995.6	151.69255	1207.9325	360.24606	0.08146	1.49667	326.33688	3382.64233	124164	1	14	1	-482	-482	217.42785	37.966	19545.6	21130.5	19413.5680081295	21106.4735878366
405/561	18656.8	21231.4	18595.8	21096.5	111.82659	937.62146	369.659	0.67508	1.34296	181.25797	1594.81348	124198	1	65	1	-467	-467	168.77186	39.06034	18656.8	21231.4	18524.8903788094	21207.4374881059
405/561	18046.4	21254.2	17985.4	21119.3	66.66529	563.57776	371.18216	0.68663	1.34547	219.36313	923.604	125734	1	67	1	-480	-480	101.444	69.45329	18046.4	21254.2	17915.5382467254	21233.1382051414
405/561	18376.1	21278	18315	21143.1	120.99139	1935.64063	355.72403	0.27621	1.53203	242.49597	2794.36182	125763	2	5	1	-468	-468	348.41531	28.32936	18376.1	21278	18245.1587220626	21256.99322542
405/561	18493.2	21292.6	18432.1	21157.7	115.83128	849.11993	345.64606	0.91661	1.67737	249.10059	1499.59839	125780	1	9	1	-466	-466	152.84159	43.45337	18493.2	21292.6	18362.2707365976	21271.6254829293
405/561	19249	21331.1	19187.9	21196.2	170.89676	1434.24963	369.83286	0.64187	1.35129	221.11337	2485.44507	126452	1	3	1	-473	-473	258.16493	28.72805	19249	21331.1	19118.5525782382	21311.4030785931
405/561	18722.1	21125.4	18661	20990.5	167.00296	1363.15454	364.72916	0.37249	1.39765	278.98459	1632.49268	126603	1	3	1	-462	-462	245.36782	32.3843	18722.1	21125.4	18591.7626913481	21105.990810256
405/561	19242.8	21363.3	19181.7	21228.4	468.57941	10472.97266	374.65912	0.85828	1.31788	263.19421	12946.81641	127191	3	2	1	-490	-490	1885.13508	8.24836	19242.8	21363.3	19112.8978373249	21345.0134640587
405/561	17231.4	21425.6	17170.3	21290.7	140.17316	1981.09143	374.35455	0.89903	1.30783	286.51505	2732.65454	127239	2	1	1	-482	-482	356.59646	32.87004	17231.4	21425.6	17101.5338032094	21407.4052622534
405/561	18306.6	21268.1	18245.5	21133.2	168.18309	1489.42017	379.9072	1.29512	1.24027	205.2085	2774.07666	127495	1	7	1	-481	-481	268.09563	28.25876	18306.6	21268.1	18176.9267434657	21250.3952349787
405/561	17896.6	21277	17835.5	21142.1	141.64998	1205.60498	372.43826	0.66492	1.35459	239.83102	2121.72827	128965	1	37	1	-495	-495	217.0089	35.36169	17896.6	21277	17768.0706408724	21262.1207197316
405/561	18185.2	21172	18124.1	21037.1	155.1057	1270.79578	365.41306	0.26805	1.42582	147.19135	2084.68457	129658	1	9	1	-483	-483	228.74324	26.61756	18185.2	21172	18057.2307005414	21158.4594058363
405/561	17188.2	21484	17127.1	21349.1	140.26315	1232.69983	378.45734	1.07044	1.2833	260.01349	2294.96802	129737	1	73	1	-498	-498	221.88597	36.96016	17188.2	21484	17060.2953739012	21470.6122685786
405/561	19225.2	21395.5	19164.2	21260.6	419.6203	3428.23486	364.89432	0.18158	1.44555	199.573	4419.91943	131443	1	3	1	-489	-489	617.08228	12.64464	19225.2	21395.5	19098.8323571986	21385.4253001557
405/561	17866.6	21453.8	17805.5	21318.9	220.13904	1641.27197	348.57947	0.69215	1.62185	281.23959	2366.37939	132119	1	2	1	-462	-462	295.42896	25.1954	17866.6	21453.8	17740.7225867779	21445.0439769968
405/561	19175.9	21019	19114.9	20884.1	148.5979	1203.10547	363.24994	0.06797	1.4686	200.30078	1932.86279	132361	1	6	1	-489	-489	216.55898	31.34347	19175.9	21019	19050.336679252	21010.7167964826
405/561	18321.6	21307.5	18260.6	21172.6	126.75227	2058.83081	347.25864	0.94218	1.69186	299.80829	1900.45898	132723	2	2	1	-481	-481	370.58955	28.0608	18321.6	21307.5	18196.3596498276	21299.9247780299
405/561	19914.7	21138.6	19853.6	21003.7	118.98524	1028.82312	375.39099	1.00336	1.28819	227.20895	3543.45142	132725	1	3	1	-477	-477	185.18816	40.6563	19914.7	21138.6	19789.3614431827	21131.0286918326
405/561	18360.2	21160.2	18299.1	21025.3	203.45815	1748.82214	374.27887	0.82909	1.32319	167.53416	2552.81128	133178	1	1	1	-490	-490	314.78799	21.9998	18360.2	21160.2	18235.2701606289	21153.5158014672
405/561	20043.3	21019.8	19982.2	20884.9	129.59888	1143.41333	379.19366	1.31215	1.2345	352.23944	648.58685	133469	1	2	1	-471	-471	205.8144	45.62199	20043.3	21019.8	19918.6353427912	21013.686314043
405/561	17851.1	21390.7	17790	21255.8	97.35182	827.52466	372.20178	0.66904	1.35287	175.3531	1938.47461	134082	1	33	1	-492	-492	148.95444	43.81637	17851.1	21390.7	17727.0005864921	21385.7896897512
405/561	18494.7	21475.1	18433.6	21340.2	87.45807	659.83221	350.65244	0.73123	1.64176	191.13629	1151.68787	134546	1	61	1	-483	-483	118.7698	50.3621	18494.7	21475.1	18371.0343274927	21471.1019090308
405/561	18361.1	21263.6	18300	21128.6	134.30341	942.77905	338.23727	1.38417	1.79554	184.45372	1589.60742	135373	1	1	1	-465	-465	169.70023	33.25353	18361.1	21263.6	18238.2197129333	21261.1304307921
405/561	19203.1	21417.3	19142	21282.4	196.32076	2935.62646	377.67999	1.15607	1.26256	235.08209	2980.46875	135416	2	7	1	-478	-478	528.41276	21.19978	19203.1	21417.3	19080.260974235	21415.0151933379
405/561	18703.5	21092.5	18642.4	20957.6	241.19084	1902.11511	358.50732	0.20448	1.52304	260.13095	2334.59009	135440	1	3	1	-483	-483	342.38072	22.45939	18703.5	21092.5	18580.6840218813	21090.2625062594
405/561	18096.2	21352.4	18035.1	21217.5	277.05521	2183.59595	358.3959	0.14266	1.50608	188.70592	2847.00488	135677	1	1	1	-474	-474	393.04727	17.59048	18096.2	21352.4	17973.6123105369	21350.6298575278
405/561	18619.1	21113.4	18558.1	20978.5	142.4492	1202.30823	370.88388	0.80266	1.31784	291.40381	1832.3374	136042	1	32	1	-460	-460	216.41548	38.30539	18619.1	21113.4	18496.9663385855	21112.3500864638
405/561	19239.2	21346.3	19178.1	21211.4	256.90497	2249.34717	377.74786	1.20651	1.25206	256.29126	4127.10645	136067	1	1	1	-471	-471	404.88249	21.08338	19239.2	21346.3	19116.9906947416	21345.2994373297
405/561	19260.9	21342.2	19199.8	21207.2	200.98592	1742.30627	375.87158	1.08529	1.27193	312.87137	1705.0874	136460	1	6	1	-470	-470	313.61513	28.63172	19260.9	21342.2	19139.0753706278	21341.875557709
405/561	17836.1	21240.8	17775.1	21105.9	145.61768	1243.31128	373.0293	0.75307	1.33633	146.62442	2027.88782	138275	1	5	1	-489	-489	223.79603	28.11112	17836.1	21240.8	17716.1945995727	21244.1668671363
405/561	17544.2	21140.9	17483.1	21005.9	119.25233	1704.19629	348.06271	0.77889	1.64558	307.05664	2479.75708	141011	2	36	1	-468	-468	306.75533	34.09127	17544.2	21140.9	17427.0615187366	21149.5953123498
405/561	18208.6	21208	18147.5	21073.1	137.02156	1149.31763	369.73077	0.71061	1.33497	158.5813	317.85855	142381	1	14	1	-462	-462	206.87717	30.64743	18208.6	21208	18092.9489889712	21219.5165049361
405/561	19256.2	21403.7	19195.1	21268.8	96.93879	755.97241	356.50385	0.41569	1.57345	261.15488	599.9129	143925	1	13	1	-492	-492	136.07503	52.55599	19256.2	21403.7	19142.263585527	21418.2829129295
405/561	19189.7	21358.2	19128.6	21223.3	106.939	824.7262	354.52502	0.57295	1.6105	241.56075	2098.48486	143991	1	13	1	-496	-496	148.45072	46.21739	19189.7	21358.2	19075.8377405722	21372.9139476464
405/561	17819.8	21019.1	17758.7	20884.2	75.43822	637.08356	370.99026	0.66876	1.34895	211.09268	2777.5271	144040	1	102	1	-481	-481	114.67504	60.60299	17819.8	21019.1	17705.9928398762	21033.9112280297
405/561	20084.1	21118.3	20023	20983.4	134.16692	1043.94788	356.10388	0.24856	1.52594	337.48364	1814.59326	144459	1	86	1	-468	-468	187.91062	43.30531	20084.1	21118.3	19970.765544961	21133.942964815
405/561	17122.9	21187.4	17061.8	21052.5	228.63939	1879.84302	366.05414	0.34393	1.40938	292.72141	2456.51978	144677	1	0	1	-478	-478	338.37174	24.73126	17122.9	21187.4	17009.8125761335	21203.4756225019
405/561	19230.5	21261.3	19169.4	21126.4	204.1786	1558.09509	352.65649	0.61583	1.61578	209.93414	1171.22998	146043	1	86	1	-485	-485	280.45712	23.95445	19230.5	21261.3	19118.9770764431	21280.0851066737
405/561	19224.4	21317.8	19163.4	21182.9	247.03394	1923.38562	356.21722	0.43894	1.57887	300.57666	1320.66602	146307	1	4	1	-493	-493	346.20941	23.30586	19224.4	21317.8	19113.2826689177	21337.1083929523
405/561	19210.3	21247.7	19149.2	21112.8	272.04816	2054.25684	350.80399	0.72329	1.64001	455.83603	6496.61084	146763	1	5	1	-483	-483	369.76623	25.41457	19210.3	21247.7	19099.6129140844	21267.9119321593
405/561	17277.1	21440.3	17216	21305.4	99.84743	797.52307	360.79727	0.03019	1.48522	350.63251	2239.76367	146947	1	51	1	-480	-480	143.55415	58.49616	17277.1	21440.3	17166.6277254141	21460.8763971538
405/561	17684.2	21231.6	17623.2	21096.7	185.58485	1339.47278	342.96967	1.14038	1.73627	294.77228	2634.99561	147320	1	3	1	-472	-472	241.1051	30.07844	17684.2	21231.6	17574.2646713189	21252.9150045235
405/561	18439.6	21106.8	18378.6	20971.9	130.84082	1005.96771	353.98141	0.47936	1.58185	255.74445	1371.71179	147840	1	3	1	-479	-479	181.07419	39.18689	18439.6	21106.8	18330.2770957054	21129.1441609862
405/561	18300.2	21317.9	18239.1	21183	131.69267	955.56494	343.88193	1.11331	1.73148	285.47433	1935.35364	148152	1	9	1	-476	-476	172.00169	40.89869	18300.2	21317.9	18191.1463548728	21340.8613349772
405/561	19538.2	21208.2	19477.1	21073.3	175.45071	1379.80298	358.00659	0.27902	1.54136	367.36902	5019.6709	148712	1	83	1	-488	-488	248.36454	34.88169	19538.2	21208.2	19429.8124625774	21232.2684391613
405/561	17948.4	21142.5	17887.4	21007.6	257.94385	3126.79297	349.40778	0.91928	1.69331	296.42993	4294.83398	148979	2	1	1	-496	-496	562.82273	19.12376	17948.4	21142.5	17840.4315390454	21167.0959837834
405/561	19232.8	21309.8	19171.7	21174.9	286.75949	2308.14795	362.1871	0.06238	1.46628	421.97351	1984.26233	149106	1	1	1	-481	-481	415.46663	23.41119	19232.8	21309.8	19124.8836420088	21334.646840748
405/561	17707.4	21248.4	17646.4	21113.5	321.01263	4908.74805	367.4173	0.45591	1.38697	319.88965	4255.396	150449	2	0	1	-476	-476	883.57465	14.32964	17707.4	21248.4	17601.2049181534	21275.8965302233
405/561	19214.9	21265.5	19153.9	21130.5	180.69028	1468.14197	363.89551	0.21914	1.43265	311.55283	-1410.34119	151455	1	88	1	-475	-475	264.26555	31.56281	19214.9	21265.5	19109.9341936463	21294.8772885127
405/561	18277.3	20999.8	18216.2	20864.9	194.48439	2601.85938	347.79446	0.91028	1.68424	309.10999	3999.17285	151821	2	6	1	-482	-482	468.33469	22.89139	18277.3	20999.8	18172.6844559615	21029.9969784679
405/561	17525.9	21175.8	17464.9	21040.9	210.47009	1638.72339	356.21948	0.32869	1.54833	367.95322	2322.59106	153430	1	4	1	-479	-479	294.97021	29.42569	17525.9	21175.8	17423.3822349566	21209.1543001108
405/561	18026.2	21264.4	17965.2	21129.5	141.07268	1123.08081	360.20032	0.06045	1.45947	332.93796	15301.6875	154216	1	75	1	-463	-463	202.15455	41.03323	18026.2	21264.4	17924.6685657779	21299.2924487894
405/561	18596.9	21154.3	18535.8	21019.4	160.70793	1361.65515	371.59937	0.67805	1.34883	317.15186	1912.05603	155980	1	14	1	-485	-485	245.09793	35.49561	18596.9	21154.3	18497.5053960688	21192.6332550049
405/561	18478.3	21226	18417.2	21091.1	97.61558	700.38647	341.95532	1.38294	1.81101	204.62195	2091.35083	157189	1	9	1	-493	-493	126.06957	46.80346	18478.3	21226	18380.4558379437	21266.6816877237
405/561	19358.2	21233.6	19297.1	21098.7	206.18591	1757.32654	372.69772	0.74192	1.33779	430.41663	15098.8418	157278	1	4	1	-487	-487	316.31878	32.12496	19358.2	21233.6	19260.4705003926	21274.4542293827
405/561	18651.5	21123.7	18590.4	20988.8	116.24928	991.21411	372.77661	0.659	1.35705	160.4409	1405.94604	157444	1	72	1	-498	-498	178.41854	35.77996	18651.5	21123.7	18553.9845529701	21164.8759212558
405/561	19585.8	21120.9	19524.7	20986	248.87904	1796.66309	343.004	1.28473	1.783	365.99268	6314.93945	157652	1	5	1	-489	-489	323.39936	25.13635	19585.8	21120.9	19488.5531053633	21162.4787686791
405/561	17743.7	21103.8	17682.7	20968.9	231.2412	4689.79834	347.92288	0.92428	1.68902	282.02048	8983.50195	157709	3	81	1	-485	-485	844.1637	15.17474	17743.7	21103.8	17646.6267648693	21145.4891180663
405/561	18900.7	20994.2	18839.6	20859.3	217.87097	1698.68567	356.46497	0.23914	1.52476	198.5504	3494.07349	158023	1	49	1	-470	-470	305.76342	22.11557	18900.7	20994.2	18803.9330399889	21036.4966463959
405/561	19296.4	21120	19235.3	20985.1	97.32736	775.94604	360.46106	0.20962	1.53146	377.13095	735.05548	158390	1	10	1	-500	-500	139.67029	62.03108	19296.4	21120	19200.1089503368	21163.0059327664
405/561	18720.1	21005.6	18659	20870.7	247.98593	1819.021	345.75253	0.87549	1.66518	236.11546	3345.81909	160706	1	51	1	-462	-462	327.42378	21.09431	18720.1	21005.6	18626.8369624334	21053.0612612316
405/561	17814.6	21004.4	17753.6	20869.5	238.6432	1719.0509	342.63354	1.27387	1.77794	376.44272	1189.71387	160884	1	90	1	-485	-485	309.42916	26.44699	17814.6	21004.4	17721.6713396155	21052.2021241209
405/561	17548	21064.1	17486.9	20929.2	264.45224	4157.69531	371.48529	0.74585	1.33289	285.90622	5445.84863	161077	2	95	1	-475	-475	748.38516	16.23007	17548	21064.1	17455.2257175909	21112.2714480421
405/561	17768.9	21121.7	17707.8	20986.8	294.26361	4058.16016	358.41006	0.32516	1.55541	341.4209	5552.26758	161080	2	4	1	-497	-497	730.46883	16.72764	17768.9	21121.7	17676.1296736855	21169.877186652
405/561	17776.9	21111.7	17715.9	20976.8	281.01196	4084.06274	354.35019	0.33313	1.54234	295.61426	4250.26465	161225	2	4	1	-464	-464	735.13129	15.35777	17776.9	21111.7	17684.4209584778	21160.1544729099
405/561	17531.6	21099.9	17470.5	20965	216.89536	1753.85925	363.02145	0.0457	1.47351	211.35121	4233.08447	161765	1	44	1	-490	-490	315.69467	22.74558	17531.6	21099.9	17439.7345747989	21149.3857323674
405/561	18494.4	21147.9	18433.3	21013	233.74522	4072.53467	372.47269	0.72561	1.34078	335.73969	3906.0271	162665	2	14	1	-487	-487	733.05624	17.76275	18494.4	21147.9	18403.728118003	21199.0994905368
405/561	19042	21082.6	18981	20947.7	146.64609	1087.53882	347.65396	1.01764	1.7167	255.29024	1822.20398	163058	1	7	1	-494	-494	195.75699	35.19494	19042	21082.6	18951.9508565947	21134.5458102876
405/561	17933.6	21098.8	17872.5	20963.9	143.7852	1065.37024	347.49875	0.76609	1.63939	339.89838	-411.68304	164797	1	24	1	-463	-463	191.76664	40.68387	17933.6	21098.8	17845.7743207689	21154.0327811788
405/561	17849.6	21285.5	17788.5	21150.6	150.79218	1282.06519	372.24228	0.82873	1.3166	263.75269	1933.82385	164839	1	53	1	-470	-470	230.77173	34.75949	17849.6	21285.5	17761.83063174	21340.8118457302
405/561	17888.5	21151.5	17827.4	21016.6	86.59467	651.65717	350.20639	0.5701	1.59281	205.43295	2297.37891	164931	1	48	1	-460	-460	117.29829	52.50551	17888.5	21151.5	17800.854009705	21206.9849802853
405/561	17142.6	21148.7	17081.5	21013.8	129.36415	2020.63135	362.86826	0.12352	1.4531	221.16208	2473.69629	165261	2	2	1	-479	-479	363.71364	27.12595	17142.6	21148.7	17055.3968957014	21204.8053871744
405/561	19730.8	21173.8	19669.7	21038.9	193.04849	1533.01685	359.74954	0.23698	1.53628	317.29602	1752.69275	166358	1	3	1	-498	-498	275.94303	29.91397	19730.8	21173.8	19645.0727082106	21231.9606615113
405/561	19509.5	21179	19448.4	21044.1	87.88674	750.85706	373.14447	0.74913	1.3376	240.48055	2675.54614	168007	1	0	1	-490	-490	135.15427	55.57492	19509.5	21179	19426.0001853233	21240.2287024231
405/561	19750.7	20960	19689.6	20825.1	100.15332	798.36499	360.43597	0.0192	1.48104	304.07263	2605.51318	168085	1	1	1	-476	-476	143.7057	54.60744	19750.7	20960	19667.3057838553	21021.3731639439
405/561	18101.5	21370.6	18040.4	21235.7	214.36157	1804.07422	370.35123	0.5739	1.36891	192.61473	2602.51538	168616	1	55	1	-487	-487	324.73336	22.16296	18101.5	21370.6	18018.825167912	21432.9549811075
405/561	17451.2	21089.7	17390.1	20954.7	113.35286	826.10455	344.63654	1.03565	1.71013	217.87656	917.29065	169148	1	56	1	-472	-472	148.69882	41.80114	17451.2	21089.7	17369.2467274211	21152.9357524353
405/561	18418.9	20973.5	18357.8	20838.5	123.90692	944.1347	352.39459	0.67712	1.63258	206.84673	805.96405	170479	1	2	1	-491	-491	169.94425	37.59642	18418.9	20973.5	18338.7550588702	21039.1764622249
405/561	17856.6	21266.1	17795.6	21131.2	142.24011	2034.13232	353.51212	0.36645	1.54827	226.21869	3938.82373	171087	2	4	1	-461	-461	366.14382	25.93325	17856.6	21266.1	17777.3823099762	21332.9849857811
405/561	17967.3	21035	17906.2	20900.1	204.65556	1508.27869	346.56848	1.04306	1.72031	215.05217	2176.13477	171726	1	1	1	-488	-488	271.49016	24.13997	17967.3	21035	17888.8523747269	21103.0455819313
405/561	19482.8	21018.1	19421.8	20883.2	219.21042	1752.0199	360.91003	0.0614	1.46189	279.54211	2291.04175	172062	1	25	1	-469	-469	315.36358	25.22	19482.8	21018.1	19404.9100889025	21086.7539877231
405/561	18718.6	21329.7	18657.5	21194.8	74.99888	636.79828	371.992	0.64211	1.35841	216.9153	1294.91028	172455	1	1	1	-494	-494	114.62369	61.70496	18718.6	21329.7	18641.1456048683	21399.0639535853
405/561	18770	21122.8	18708.9	20987.9	92.51241	686.80237	347.83713	1.01458	1.71647	234.90666	914.0451	172852	1	26	1	-495	-495	123.62443	52.38118	18770	21122.8	18693.0867087372	21192.8793155699
405/561	17968.9	21086	17907.8	20951.1	130.39726	1063.48145	364.57825	0.1452	1.45361	225.08952	1820.13184	173585	1	58	1	-491	-491	191.42666	37.17186	17968.9	21086	17892.9860263792	21157.3952110861
405/561	17306	21365.1	17244.9	21230.2	270.74466	2007.53784	347.62576	1.01204	1.71485	154.33873	2704.57617	174222	1	4	1	-493	-493	361.35681	16.73005	17306	21365.1	17230.9545944425	21437.6334950995
405/561	17175.7	21190	17114.6	21055	108.5071	878.69836	363.28784	0.1907	1.43761	257.89267	1152.10144	174294	1	10	1	-474	-474	158.16571	46.93324	17175.7	21190	17100.7527696517	21262.5618422734
405/561	18632.6	21023.9	18571.5	20889	622.02637	5143.58105	367.10342	0.4859	1.37867	254.76266	6998.08594	175936	1	13	1	-469	-469	925.84459	9.91124	18632.6	21023.9	18559.8911891211	21099.4712103645
405/561	18669.9	21029.6	18608.9	20894.6	237.93964	3493.00806	368.77786	0.56527	1.36563	303.8736	5918.07813	176480	2	28	1	-474	-474	628.74145	19.26404	18669.9	21029.6	18598.0323286558	21106.0274644735
405/561	18992.3	21079.5	18931.2	20944.6	80.69899	621.62097	354.31439	0.4	1.56083	201.16058	4967.67871	177589	1	60	1	-472	-472	111.89177	55.61175	18992.3	21079.5	18921.8419833686	21157.9647509235
405/561	19962.9	21222.7	19901.8	21087.8	107.08175	805.81763	350.20364	0.74822	1.64503	202.58914	1506.89954	178237	1	67	1	-481	-481	145.04717	42.70464	19962.9	21222.7	19893.3230928498	21302.2890269892
405/561	18105.4	20958.7	18044.3	20823.8	120.80553	883.46594	345.23239	1.04606	1.71586	288.64453	1630.74829	178811	1	3	1	-478	-478	159.02387	44.60058	18105.4	20958.7	18036.602823672	21039.2800679907
405/561	17601.4	21176.4	17540.3	21041.5	99.51092	843.62946	371.70685	0.63771	1.3585	250.07018	829.71167	180902	1	67	1	-492	-492	151.8533	50.24957	17601.4	21176.4	17535.4356248655	21260.5506460809
405/561	17328	21392	17266.9	21257.1	129.75256	1111.64197	373.66684	0.73924	1.34153	126.37434	1396.59644	181860	1	6	1	-496	-496	200.09555	29.39149	17328	21392	17263.3285450354	21477.765083502
405/561	17871.9	21242.6	17810.8	21107.7	225.92249	3296.55518	342.98276	1.17458	1.74729	246.7811	3142.28662	183102	2	3	1	-476	-476	593.37993	16.34402	17871.9	21242.6	17808.8991011525	21330.4373402785
405/561	17898.4	21205.9	17837.3	21071	248.30646	2035.21057	365.48596	0.23786	1.43355	266.56702	867.85034	183144	1	3	1	-487	-487	366.3379	22.089	17898.4	21205.9	17835.4554712141	21293.8069989139
405/561	17893.9	21230.9	17832.8	21096	205.76845	1780.43982	375.52106	0.93473	1.30367	144.72217	2343.85645	183593	1	61	1	-488	-488	320.47917	20.63328	17893.9	21230.9	17831.5575609614	21319.5499516632
405/561	17941.7	21125.7	17880.6	20990.8	114.7159	1003.3385	377.54782	1.14593	1.2643	242.5206	1913.19507	184160	1	2	1	-479	-479	180.60093	43.30754	17941.7	21125.7	17880.1164371392	21215.2835953365
405/561	17095.5	21013.8	17034.5	20878.9	281.20618	2256.30542	361.61511	0.07269	1.49926	238.51883	2794.11353	187460	1	1	1	-493	-493	406.13498	18.93384	17095.5	21013.8	17038.3962987208	21108.7130446356
405/561	17138.2	21062.1	17077.1	20927.2	216.3443	1687.63806	356.55536	0.37109	1.56127	211.17752	2078.69385	187800	1	0	1	-487	-487	303.77485	22.79537	17138.2	21062.1	17081.4435436254	21157.5517253967
405/561	17891.1	21253.6	17830	21118.7	81.51408	603.84167	347.46036	0.82613	1.65733	192.24805	1868.46545	188113	1	61	1	-469	-469	108.6915	53.97738	17891.1	21253.6	17834.754553914	21349.5458886418
405/561	18267	20954.5	18206	20819.6	234.64999	1839.61584	357.44839	0.26678	1.53598	262.54553	1157.36609	188397	1	1	1	-482	-482	331.13085	23.11003	18267	20954.5	18211.1268787765	21050.8928232703
405/561	17607	21141.4	17545.9	21006.5	66.9033	567.48151	371.80237	0.67635	1.34989	172.25987	-1739.56177	188758	1	34	1	-487	-487	102.14667	61.96084	17607	21141.4	17551.4993080564	21238.3589511353
405/561	19924.1	21377.6	19863	21242.7	122.37038	955.57373	356.74179	0.3249	1.54923	260.09399	541.27069	188791	1	7	1	-483	-483	172.00327	42.04704	19924.1	21377.6	19868.6424465558	21474.6105917119
405/561	18146	21081	18084.9	20946.1	82.40913	681.07922	367.00433	0.49679	1.37571	172.2336	537.86432	194012	1	25	1	-466	-466	122.59426	50.84592	18146	21081	18097.2585145242	21185.946968568
405/561	17884.7	21005.3	17823.6	20870.4	126.86302	967.64935	352.57501	0.5298	1.59075	257.54858	982.51233	194663	1	0	1	-474	-474	174.17688	40.46824	17884.7	21005.3	17836.7794827011	21111.2039385689
405/561	19439.6	20945.7	19378.5	20810.8	82.26393	659.85742	361.56	0.07683	1.4603	259.98538	1026.21765	195643	1	62	1	-473	-473	118.77434	61.37565	19439.6	20945.7	19392.9078567139	21053.030891302
405/561	17846	21164.6	17784.9	21029.7	110.63448	1999.84668	379.54532	1.34066	1.22969	235.73332	2957.69873	196238	2	3	1	-470	-470	359.9724	30.63978	17846	21164.6	17800.0491457413	21272.7892515855
405/561	19366.7	20959	19305.7	20824.1	96.80976	759.34698	357.53668	0.25857	1.53407	222.70787	1230.16626	196379	1	42	1	-481	-481	136.68246	48.97076	19366.7	20959	19321.0243031985	21067.3917747788
405/561	17284.6	21241.7	17223.5	21106.7	114.14986	972.47638	372.61633	0.89424	1.30312	261.85242	1131.25659	197533	1	4	1	-464	-464	175.04575	45.02908	17284.6	21241.7	17240.250368126	21351.6365347473
405/561	18757.8	21003.1	18696.8	20868.2	124.7776	1061.93518	372.42664	0.66513	1.35451	295.84695	848.12561	198410	1	3	1	-495	-495	191.14833	43.71238	18757.8	21003.1	18714.6249801147	21114.3712699348
405/561	18178.6	21148	18117.6	21013.1	231.13863	6981.5127	356.98157	0.33068	1.55171	277.52316	7385.021	198933	3	4	1	-486	-486	1256.67229	11.02213	18178.6	21148	18136.0619609802	21260.0013447173
405/561	17253.4	21380.5	17192.3	21245.6	130.54431	1165.0907	381.38263	1.36294	1.23079	269.11285	927.04968	199396	1	7	1	-487	-487	209.71633	40.14314	17253.4	21380.5	17211.3234080254	21493.1437586057
405/561	17801.1	21126.1	17740	20991.2	183.63397	2447.39966	346.20908	1.06362	1.7253	187.29678	3895.37622	200607	2	2	1	-488	-488	440.53194	19.46122	17801.1	21126.1	17760.4807383459	21240.4066801086
405/561	17442	21278	17380.9	21143.1	109.34703	878.83203	361.91742	0.08251	1.46015	215.40903	1370.93628	202089	1	4	1	-476	-476	158.18977	43.00615	17442	21278	17403.141510325	21394.3075714552
405/561	18170.6	21092.9	18109.6	20958	183.59358	3918.98926	366.12521	0.21243	1.44207	237.3519	46.10449	203476	2	18	1	-496	-496	705.41807	15.47921	18170.6	21092.9	18133.465886394	21211.0461191624
405/561	19246.1	20974.8	19185	20839.9	68.13123	585.35321	374.19324	0.85375	1.3174	236.21553	1259.41736	204400	1	63	1	-486	-486	105.36358	70.38436	19246.1	20974.8	19209.9349446685	21094.1526354537
405/561	18136.9	21148.3	18075.9	21013.4	257.86548	5491.41455	350.65204	0.81301	1.66604	245.4843	5780.27734	204684	3	3	1	-493	-493	988.45462	12.60766	18136.9	21148.3	18101.1613785913	21268.020528516
405/561	18309.5	20991.5	18248.4	20856.6	152.41324	2159.20776	360.4928	0.05973	1.46076	295.01849	4989.97607	205640	2	10	1	-466	-466	388.6574	28.57838	18309.5	20991.5	18274.7526429733	21112.4487639366
405/561	18166.1	20994.7	18105.1	20859.8	116.44403	845.81763	344.06445	0.99196	1.694	242.57233	1156.73926	207570	1	26	1	-463	-463	152.24717	42.73248	18166.1	20994.7	18133.6191292692	21118.0805764831
405/561	18146.7	21152.3	18085.6	21017.4	147.25015	3048.62549	357.83823	0.12986	1.50055	264.42789	5061.39355	208772	2	6	1	-468	-468	548.75259	19.48976	18146.7	21152.3	18115.4428197929	21277.1627891384
405/561	18636.9	21210.8	18575.8	21075.9	86.4445	736.35278	372.59268	0.75639	1.33415	189.74763	648.71564	209069	1	1	1	-484	-484	132.5435	50.73463	18636.9	21210.8	18605.9667759819	21336.0252029883
405/561	18167.7	21195.9	18106.7	21061	200.0058	1540.87573	354.34198	0.42519	1.56799	192.19707	2182.98071	209102	1	59	1	-475	-475	277.35763	23.5652	18167.7	21195.9	18136.9026940546	21321.1653776508
405/561	18088.1	21121.6	18027	20986.7	268.54184	4351.44727	365.33426	0.34651	1.40621	252.46132	2771.90308	209180	2	3	1	-471	-471	783.26051	14.38898	18088.1	21121.6	18057.2875298541	21246.9602615688
405/561	18134.6	21105.3	18073.5	20970.4	256.63797	1974.7583	354.12497	0.32852	1.54016	311.90244	1965.57373	209376	1	1	1	-462	-462	355.45649	22.85635	18134.6	21105.3	18104.0003248214	21230.8982264703
405/561	18177.5	21219.3	18116.5	21084.4	252.37383	2084.75415	366.91489	0.3558	1.40945	259.47601	3857.52881	209415	1	1	1	-485	-485	375.25575	21.53485	18177.5	21219.3	18147.0426012961	21344.9454978922
405/561	18230.8	21204.2	18169.8	21069.3	107.11532	807.02472	350.41098	0.6922	1.62932	190.74092	325.01746	211370	1	68	1	-476	-476	145.26445	41.58392	18230.8	21204.2	18202.4335572685	21332.1816287969
405/561	18035.7	21017	17974.7	20882.1	322.75317	7255.89893	372.69183	0.91164	1.29948	333.56396	102228.03125	211465	3	60	1	-462	-462	1306.06181	12.37183	18035.7	21017	18007.4337278194	21145.0934751053
405/561	18257.6	21322.4	18196.5	21187.5	105.00783	808.60095	354.25528	0.38332	1.55594	167.4446	1711.70276	212864	1	30	1	-470	-470	145.54817	40.04171	18257.6	21322.4	18230.6930554056	21452.1225833648
405/561	18286.6	20931.2	18225.5	20796.3	105.79566	875.32373	367.20657	0.42936	1.39263	280.99249	1438.87939	213785	1	35	1	-478	-478	157.55827	49.97569	18286.6	20931.2	18260.6373132089	21061.9766869817
405/561	17490.2	21270.3	17429.1	21135.4	146.11909	1127.9021	354.68457	0.28982	1.53167	300.88412	763.42877	214433	1	10	1	-461	-461	203.02238	37.94344	17490.2	21270.3	17464.8936769424	21401.8095856477
405/561	19470.4	20953.8	19409.3	20818.9	99.67268	705.6239	339.67111	1.42397	1.81517	282.22565	886.2149	216251	1	81	1	-480	-480	127.0123	53.03457	19470.4	20953.8	19446.8990146087	21087.3271686261
405/561	19821.9	20983.4	19760.8	20848.5	180.79831	1492.21326	366.7569	0.42241	1.39274	260.88171	1745.1637	216963	1	2	1	-474	-474	268.59839	29.23705	19821.9	20983.4	19799.0912186552	21117.7018146058
405/561	19111	20913.8	19049.9	20778.9	179.51067	1576.93982	378.375	1.24439	1.24607	293.45975	2473.77393	218823	1	1	1	-472	-472	283.84917	30.93677	19111	20913.8	19089.9589247847	21050.0842300117
405/561	19786.8	20937.4	19725.7	20802.5	97.7172	849.40375	376.3844	1.03002	1.28556	359.14639	-1952.63721	219789	1	39	1	-483	-483	152.89267	60.38732	19786.8	20937.4	19766.6532936373	21074.690262884
405/561	18482.5	21173.1	18421.5	21038.1	144.79033	1235.07483	372.85236	0.88181	1.30671	281.36288	718.33295	220894	1	4	1	-469	-469	222.31347	37.14176	18482.5	21173.1	18463.4559855092	21311.4213085026
405/561	18480.5	21093.7	18419.4	20958.8	98.90013	846.04407	373.38605	0.82648	1.3209	259.18036	2573.45752	220936	1	53	1	-482	-482	152.28793	51.37018	18480.5	21093.7	18461.3936623672	21232.1638826425
405/561	18012.6	21066.7	17951.5	20931.7	155.41249	1245.5802	361.41229	0.0251	1.47312	279.12122	1540.50122	221044	1	31	1	-479	-479	224.20444	34.64287	18012.6	21066.7	17993.5903984604	21205.173219142
405/561	17524	21024.2	17462.9	20889.3	247.67557	2106.40503	372.29691	0.63676	1.36064	315.77045	2063.57056	224077	1	2	1	-497	-497	379.15291	23.71671	17524	21024.2	17507.6187748968	21165.7614689257
405/561	17861.9	21026.5	17800.8	20891.6	262.24741	4250.15381	358.05164	0.34268	1.55891	265.3609	6769.02441	224945	2	1	1	-497	-497	765.02769	14.45943	17861.9	21026.5	17846.2388338352	21168.8873994929
405/561	20015.1	20919.8	19954.1	20784.9	174.87991	1410.53235	362.56143	0.02044	1.4784	322.54562	1415.75867	225496	1	64	1	-489	-489	253.89582	33.03777	20015.1	20919.8	19999.9883046206	21062.7049329575
405/561	18287.8	20889.1	18226.7	20754.2	168.69476	1194.17896	339.65964	1.42364	1.81501	281.36795	2127.6604	225824	1	1	1	-480	-480	214.95221	32.22011	18287.8	20889.1	18272.8530290835	21032.3105171822
405/561	17849.2	21107.2	17788.1	20972.3	157.61057	6839.67773	359.01019	0.14074	1.50784	298.50272	10407.87305	227457	4	0	1	-479	-479	1231.14199	13.12446	17849.2	21107.2	17835.5390390524	21251.9042083433
405/561	19769.4	20921.7	19708.3	20786.8	86.51826	696.67786	362.26147	0.1663	1.44004	251.81305	1625.66614	228877	1	26	1	-468	-468	125.40201	57.62405	19769.4	20921.7	19756.8132162829	21067.6655411782
405/561	17552.9	21081	17491.8	20946.1	269.34097	2273.12476	370.86896	0.623	1.35916	265.31265	7861.31592	229360	1	2	1	-486	-486	409.16246	20.49278	17552.9	21081	17540.6690573641	21227.3866112607
405/561	17711.9	20994.6	17650.8	20859.7	167.31432	1186.15173	339.90976	1.43743	1.8207	260.47488	1523.17004	230241	1	45	1	-483	-483	213.50731	31.41078	17711.9	20994.6	17700.3054698776	21141.7442382487
405/561	17724	20997.9	17663	20863	159.10403	2966.63135	350.6882	0.74959	1.64733	264.43054	4158.26855	231330	2	1	1	-486	-486	533.99364	19.261	17724	20997.9	17713.2692622725	21145.9621431674
405/561	19725.5	20888.1	19664.5	20753.2	144.40431	1065.59961	346.79034	0.85631	1.66371	332.68164	635.62921	231563	1	6	1	-468	-468	191.80793	40.13086	19725.5	20888.1	19714.929359286	21036.3558654633
405/561	17472.6	21291.7	17411.5	21156.8	111.13757	982.47424	379.56851	1.18188	1.26296	215.18605	1268.84094	233346	1	53	1	-494	-494	176.84536	42.32105	17472.6	21291.7	17463.1150841108	21441.4071202529
405/561	18409.7	21142	18348.6	21007.1	227.11243	1952.51233	374.31433	0.83448	1.3221	212.57413	3990.94434	234765	1	29	1	-490	-490	351.45222	21.87221	18409.7	21142	18401.1080708684	21292.8226716177
405/561	18233.2	20990.1	18172.2	20855.2	87.65052	8123.03711	346.23535	0.88056	1.66878	275.9238	11866.87598	236362	5	6	1	-466	-466	1462.14668	11.14674	18233.2	20990.1	18225.6580632565	21142.1363326135
405/561	18269	21034.5	18207.9	20899.6	195.9072	1482.80029	351.21753	0.57149	1.59735	202.28029	3404.59692	240529	1	4	1	-468	-468	266.90405	24.49719	18269	21034.5	18263.5528623982	21189.4943164597
405/561	17671.9	21050.1	17610.9	20915.2	157.64201	1289.96912	365.18567	0.36968	1.4	275.44522	5005.49463	241520	1	60	1	-467	-467	232.19444	33.98555	17671.9	21050.1	17667.0127470608	21205.753207039
405/561	19324.4	21014.9	19263.3	20880	96.54176	1218.85266	366.25464	0.40698	1.39472	233.24266	2125.69482	244369	2	10	1	-472	-472	219.39348	45.67446	19324.4	21014.9	19320.6039953948	21172.3493697351
405/561	19244.7	21120	19183.6	20985.1	100.65022	723.1792	342.19656	1.33988	1.79776	242.75867	1115.60986	244654	1	5	1	-490	-490	130.17226	49.07259	19244.7	21120	19241.012697441	21277.620881748
405/561	19972.2	21338.6	19911.1	21203.7	113.73066	915.7644	362.25397	0.04305	1.47149	306.32376	933.95502	245068	1	39	1	-484	-484	164.83759	48.512	19972.2	21338.6	19968.6672721652	21496.4673345137
405/561	18986.8	21079.7	18925.7	20944.8	72.32027	579.15887	361.26746	0.05164	1.49251	213.65923	989.10205	246245	1	4	1	-487	-487	104.2486	63.46127	18986.8	21079.7	18983.6853927615	21238.2504316629
405/561	17532.3	21134.5	17471.2	20999.6	77.84025	568.22369	344.9194	1.22474	1.77131	252.12611	3022.76196	246577	1	4	1	-498	-498	102.28026	63.83005	17532.3	21134.5	17529.297682937	21293.2383731208
405/561	19593.6	21221	19532.5	21086.1	192.29657	1987.81104	354.23041	0.40116	1.56083	255.26888	2630.62598	246876	2	40	1	-472	-472	357.80599	28.03931	19593.6	21221	19590.6967041529	21379.9058329941
405/561	19238.2	21136.9	19177.1	21002	117.59153	874.62335	348.16296	0.85163	1.6679	205.1525	1300.23376	248800	1	2	1	-478	-478	157.4322	39.33942	19238.2	21136.9	19235.8867567261	21296.8421032039
405/561	19317.3	21020.7	19256.3	20885.8	103.98935	750.341	342.92169	1.16539	1.74408	183.25545	1086.04248	248998	1	3	1	-474	-474	135.06138	42.02172	19317.3	21020.7	19315.1429104046	21180.7446450747
405/561	19877	21136.3	19815.9	21001.4	237.72523	1957.35315	366.31693	0.36483	1.40519	321.83832	2057.21338	250483	1	3	1	-478	-478	352.32357	24.82389	19877	21136.3	19875.1374216572	21297.0889189127
405/561	19877.6	21176.9	19816.6	21042	407.69843	3205.93555	357.98755	0.32595	1.55409	343.2746	5197.21582	250676	1	2	1	-494	-494	577.0684	15.68311	19877.6	21176.9	19875.8852788256	21337.7824105864
405/561	17473.3	21179.4	17412.2	21044.4	122.50269	897.34393	345.51483	1.01178	1.7063	263.5842	1349.51062	250798	1	3	1	-476	-476	161.52191	42.26344	17473.3	21179.4	17471.5151292668	21340.2411215889
405/561	19142	21051.2	19080.9	20916.3	125.97173	1058.7915	370.10822	0.70453	1.3377	230.35014	1590.85938	250802	1	7	1	-467	-467	190.58247	38.7744	19142	21051.2	19140.2161027172	21212.1430414526
405/561	17818.1	21258.8	17757	21123.9	115.2216	896.06006	356.00955	0.34785	1.55281	238.48289	1650.43701	253732	1	6	1	-480	-480	161.29081	42.82516	17818.1	21258.8	17816.9411271747	21421.0614229077
405/561	18009.4	21101.3	17948.3	20966.4	125.78979	1088.01746	375.45273	0.93011	1.30447	230.62885	2293.02539	254136	1	66	1	-488	-488	195.84314	38.84334	18009.4	21101.3	18008.3137833558	21263.7292348201
405/561	18132.4	20953.9	18071.3	20819	114.84143	934.38751	364.14493	0.16784	1.4464	293.1748	1130.25366	254176	1	1	1	-484	-484	168.18975	47.11533	18132.4	20953.9	18131.3208022761	21116.3456630184
405/561	18261.1	21068.8	18200	20933.8	191.37779	2504.22998	366.37213	0.35879	1.40685	290.30481	5833.90625	256228	2	5	1	-479	-479	450.7614	25.4376	18261.1	21068.8	18260.3392693317	21231.9427995685
405/561	17909.5	20875.1	17848.4	20740.2	209.11522	1548.46326	347.39032	0.74691	1.63316	314.36362	1664.48779	256516	1	4	1	-460	-460	278.72339	27.67564	17909.5	20875.1	17908.7775306718	21038.4474448851
405/561	17844.2	21202.9	17783.1	21068	133.74324	949.47266	340.146	1.40331	1.81026	265.88736	1456.26038	258383	1	5	1	-481	-481	170.90508	39.062	17844.2	21202.9	17843.688150607	21366.8818982179
405/561	19722.8	21183.6	19661.7	21048.6	83.21779	636.69867	353.11725	0.52393	1.59118	319.72647	454.36496	259809	1	75	1	-478	-478	114.60576	66.8232	19722.8	21183.6	19722.4063541725	21347.9144883341
405/561	18229.8	21006.9	18168.8	20872	139.35187	1168.19543	369.62506	0.71079	1.33455	270.93472	1092.70215	260736	1	3	1	-461	-461	210.27518	37.87051	18229.8	21006.9	18229.5639242047	21171.571145605
405/561	17238.7	21100.5	17177.6	20965.5	87.73859	622.9361	340.16251	1.49297	1.84048	283.55893	756.35828	262656	1	4	1	-492	-492	112.1285	60.06474	17238.7	21100.5	17238.4362612744	21265.540173096
405/561	18542.5	20971.2	18481.4	20836.2	75.90433	684.4718	383.358	1.4076	1.22758	282.63055	568.51917	263804	1	5	1	-500	-500	123.20492	68.92951	18542.5	20971.2	18542.2501304306	21136.4796880814
405/561	18698.3	20911.1	18637.2	20776.2	176.72781	1544.34192	377.38037	0.99577	1.29614	201.93079	2327.13721	265766	1	40	1	-497	-497	277.98155	26.83981	18698.3	20911.1	18698.024757637	21076.8167926249
405/561	19804.7	20836.3	19743.6	20701.4	178.27762	1263.08215	339.80316	1.48419	1.83601	250.48146	2916.67944	266051	1	71	1	-488	-488	227.35479	29.13724	19804.7	20836.3	19804.4160508548	21002.0580836373
405/561	19898.8	20924.4	19837.7	20789.5	65.1853	1993.90503	362.48566	0.03532	1.4743	270.95993	4568.06396	268497	2	56	1	-487	-487	358.90291	29.97751	19898.8	20924.4	19898.3908161487	21090.4310149214
405/561	19917.5	21112.8	19856.4	20977.8	107.64707	914.59741	372.11221	0.68235	1.34952	221.45259	2529.16479	268557	1	58	1	-489	-489	164.62753	44.17339	19917.5	21112.8	19917.0866322461	21278.7358582641
405/561	17344.8	21152.9	17283.7	21018	114.65628	1009.65039	378.83197	1.15793	1.26576	272.16733	1600.82239	269931	1	10	1	-490	-490	181.73707	45.62046	17344.8	21152.9	17344.2767055925	21319.0221731717
405/561	18183.6	21095.6	18122.5	20960.7	88.60052	678.67883	353.32474	0.59434	1.61213	270.53915	1013.07935	270671	1	1	1	-488	-488	122.16219	58.21716	18183.6	21095.6	18183.006497503	21261.7489818482
405/561	17753.5	20964.4	17692.4	20829.5	82.14348	697.55536	372.01706	0.67226	1.35153	252.7683	839.48145	271228	1	31	1	-490	-490	125.55996	60.66204	17753.5	20964.4	17752.8486846558	21130.5599889881
405/561	18228.6	21002.2	18167.6	20867.3	93.64009	718.02484	353.50769	0.57052	1.60598	272.10938	843.46826	271674	1	6	1	-487	-487	129.24447	55.35631	18228.6	21002.2	18227.9993636389	21168.3630892156
405/561	17929.6	20852.6	17868.5	20717.7	298.71887	2520.95239	370.86087	0.54863	1.37652	272.24384	13535.29492	276997	1	2	1	-495	-495	453.77143	18.87729	17929.6	20852.6	17928.1143395694	21018.3993953926
405/561	19658.2	20863.9	19597.2	20729	100.90034	714.48743	339.7121	1.37279	1.79823	293.00693	1112.11951	280192	1	2	1	-475	-475	128.60774	53.32281	19658.2	20863.9	19656.1836365194	21029.1153254289
405/561	17745.7	21067.2	17684.7	20932.3	235.76973	3363.52637	360.82855	0.00416	1.47853	246.03873	4073.28857	282070	2	25	1	-477	-477	605.43475	17.55831	17745.7	21067.2	17743.2629714664	21231.939640396
405/561	18622.5	20858.1	18561.5	20723.2	352.00687	8872.09473	378.05011	1.18881	1.25678	280.92624	10846.80176	283630	4	58	1	-477	-477	1596.97705	11.08983	18622.5	20858.1	18619.6875408264	21022.3684290724
405/561	17526.4	20987.6	17465.3	20852.7	142.17197	1062.99304	349.07462	0.66459	1.61576	248.17902	1431.70117	285126	1	8	1	-463	-463	191.33875	35.78554	17526.4	20987.6	17523.1066958126	21151.3507170782
405/561	17410.6	20955.4	17349.6	20820.5	94.48344	694.95294	346.22617	0.83946	1.65619	205.21709	1372.96887	285762	1	63	1	-462	-462	125.09153	48.32478	17410.6	20955.4	17407.2389098245	21118.9108761568
405/561	19652	21120	19590.9	20985.1	95.75509	772.04596	362.4939	0.2056	1.43095	439.65527	41.12134	293862	1	12	1	-464	-464	138.96827	67.73144	19652	21120	19646.1384698674	21279.3943350794
405/561	17825.5	21024.2	17764.4	20889.3	119.50465	986.81342	366.84717	0.29858	1.42321	284.40927	2869.95972	294663	1	38	1	-492	-492	177.62641	44.74572	17825.5	21024.2	17819.3783689432	21183.0777838017
405/561	19661.7	21063.4	19600.6	20928.4	165.81956	1477.5946	381.08316	1.35541	1.23142	362.70505	1748.69482	297936	1	51	1	-485	-485	265.96703	36.56932	19661.7	21063.4	19654.4748319739	21219.8732342676
405/561	19722.3	21264.1	19661.2	21129.2	152.30417	1342.00513	378.9494	1.14467	1.26894	308.70969	1673.58167	299274	1	3	1	-493	-493	241.56092	36.88964	19722.3	21264.1	19714.6036766148	21419.6472177915
405/561	19502.1	21278.7	19441.1	21143.8	240.86798	3458.83057	351.95517	0.49725	1.57898	284.32736	6402.10547	303387	2	27	1	-465	-465	622.5895	17.36288	19502.1	21278.7	19492.975610486	21430.8221044449
405/561	18079.5	21268	18018.4	21133.1	148.62456	1299.62451	377.50586	1.05195	1.28434	239.62917	2161.51831	305716	1	23	1	-491	-491	233.93241	33.79871	18079.5	21268	18069.3528297174	21418.0213482292
405/561	18162.9	20874.5	18101.9	20739.6	81.91894	622.12305	351.80826	0.57479	1.60065	299.42065	901.448	307381	1	33	1	-473	-473	111.98215	65.80205	18162.9	20874.5	18152.1657296501	21022.9573566673
405/561	17555.8	21177.1	17494.7	21042.2	135.30197	1145.76074	371.4967	0.68125	1.34775	269.85849	1564.72119	307733	1	3	1	-484	-484	206.23693	38.86612	17555.8	21177.1	17544.8174333599	21325.2206076099
405/561	19478.9	20998.2	19417.8	20863.3	249.83307	2048.98511	365.59857	0.29941	1.41872	274.58087	6502.87451	308639	1	6	1	-480	-480	368.81732	22.23003	19478.9	20998.2	19467.5307476433	21145.4446394734
405/561	19355.3	21041.2	19294.2	20906.3	114.87679	1006.53796	377.8844	1.15473	1.26349	309.10214	1607.40527	308716	1	41	1	-481	-481	181.17683	48.23671	19355.3	21041.2	19343.8975485625	21188.3695968829
405/561	17186.8	21119.2	17125.7	20984.3	237.41472	5018.95898	374.67413	0.97723	1.29158	242.67834	6174.44531	308891	3	33	1	-473	-473	903.41262	15.3333	17186.8	21119.2	17175.3218990733	21266.1987077217
405/561	18298.3	21146.4	18237.2	21011.5	168.42625	1278.26355	351.69431	0.70466	1.63796	284.76657	2639.02417	309285	1	3	1	-488	-488	230.08744	32.42504	18298.3	21146.4	18286.6505728743	21293.0122706834
405/561	18125.3	21323.2	18064.2	21188.3	99.26267	869.00226	377.72659	1.22837	1.24737	270.20862	1615.12976	309287	1	5	1	-467	-467	156.42041	52.16732	18125.3	21323.2	18113.6496996254	21469.8103031737
405/561	18282.2	20970.3	18221.1	20835.4	138.00476	1009.47424	345.27142	1.05347	1.71834	173.86537	2502.87158	309444	1	6	1	-479	-479	181.70536	31.64236	18282.2	20970.3	18270.4810364834	21116.7556700779
405/561	17778.8	20975.4	17717.7	20840.5	120.02341	1993.18262	364.43909	0.19019	1.44181	205.02686	2464.4585	310041	2	60	1	-484	-484	358.77287	26.80198	17778.8	20975.4	17766.8178900537	21121.264418703
405/561	18063.2	21330.3	18002.1	21195.4	141.20772	1177.6488	368.67078	0.5446	1.37015	270.61377	1332.23828	311046	1	65	1	-476	-476	211.97678	37.38395	18063.2	21330.3	18050.7674664478	21475.1579554288
405/561	18181.7	21022.9	18120.6	20888	252.94218	2733.35547	347.21432	1.0936	1.73868	324.26837	3914.04688	311630	2	0	1	-500	-500	492.00398	22.25096	18181.7	21022.9	18169.0013683408	21167.1670345753
405/561	18060	21288.1	17998.9	21153.2	186.72667	1494.56116	361.17169	0.00435	1.47762	329.76395	1410.22925	313145	1	3	1	-479	-479	269.02101	31.37451	18060	21288.1	18046.5957729479	21430.8149843632
405/561	17254.5	21033.7	17193.4	20898.8	81.09586	687.97479	371.83218	0.77379	1.32768	308.82547	1345.26831	316069	1	5	1	-474	-474	123.83546	67.39818	17254.5	21033.7	17239.6692275298	21173.3528016045
405/561	17961.8	20992.6	17900.8	20857.7	91.00597	744.93945	365.24609	0.27325	1.42395	317.81378	2453.43433	316151	1	5	1	-480	-480	134.0891	61.11066	17961.8	20992.6	17947.0279530841	21132.165852878
405/561	18119.8	21041.6	18058.7	20906.6	86.74655	643.15869	347.6106	1.06881	1.73247	348.25751	741.74017	316606	1	8	1	-500	-500	115.76856	66.8146	18119.8	21041.6	18104.6976425771	21180.5824754947
405/561	17468.4	21300.8	17407.4	21165.9	259.5983	2120.42432	364.85516	0.26477	1.42468	324.39734	2246.52637	317491	1	3	1	-478	-478	381.67638	22.97933	17468.4	21300.8	17452.9433662711	21438.9381159095
405/561	17355.5	21362.4	17294.4	21227.5	265.41702	2181.81763	366.02005	0.40879	1.39345	204.82434	2874.61694	318453	1	6	1	-469	-469	392.72717	18.80488	17355.5	21362.4	17339.4399663006	21499.5060598749
405/561	17588.8	21201.9	17527.8	21067	134.83102	1089.37549	362.87238	0.06215	1.46877	329.20575	348.75266	318789	1	1	1	-487	-487	196.08759	42.61705	17588.8	21201.9	17572.6617526472	21338.6443979996
405/561	18131.9	21042.2	18070.8	20907.3	123.08444	901.77893	345.5481	0.96443	1.69173	312.1553	1213.9491	319534	1	8	1	-471	-471	162.32021	45.38926	18131.9	21042.2	18115.2621345905	21178.1405799028
405/561	17163	21335.6	17101.9	21200.7	112.90154	809.98242	341.93842	1.12704	1.72755	238.59116	1899.66223	319658	1	3	1	-463	-463	145.79684	43.67664	17163	21335.6	17146.2950180481	21471.4065557266
405/561	18399.1	21091.7	18338	20956.8	151.15033	1303.14954	374.84576	0.96031	1.29586	205.9166	2183.16479	321051	1	5	1	-478	-478	234.56692	31.20646	18399.1	21091.7	18381.6290456496	21225.9971765332
405/561	18072.2	21161.6	18011.1	21026.7	122.80455	940.27081	353.24765	0.39585	1.55545	296.36862	1003.78424	323114	1	3	1	-463	-463	169.24875	44.42875	18072.2	21161.6	18053.5532855013	21293.653517928
405/561	17478.9	21300	17417.8	21165.1	163.23441	2088.73535	377.21567	0.96474	1.3024	291.59497	5282.5332	334878	2	2	1	-500	-500	375.97236	31.96372	17478.9	21300	17452.5167964612	21419.4978426024
405/561	19542.2	20974.2	19481.1	20839.3	76.4522	649.58807	372.12091	0.67045	1.35228	301.7554	2510.98218	335197	1	40	1	-491	-491	116.92585	70.58749	19542.2	20974.2	19515.5806203196	21093.3724521881
405/561	17820.9	21213.2	17759.8	21078.2	283.84521	2285.46729	362.24863	0.03424	1.47373	315.63531	3749.9668	335587	1	6	1	-485	-485	411.38411	20.95653	17820.9	21213.2	17793.9898627421	21331.8763172359
405/561	17706.5	20907	17645.5	20772.1	101.58076	753.16071	347.61472	0.87583	1.67303	309.87109	928.97614	336718	1	2	1	-476	-476	135.56893	54.35075	17706.5	20907	17678.8340137491	21024.6385109972
405/561	17224.7	21276.9	17163.6	21141.9	74.9801	595.98999	359.92044	0.0158	1.47003	221.59703	-724.26123	339291	1	3	1	-467	-467	107.2782	62.33698	17224.7	21276.9	17194.9154963212	21391.9176304478
405/561	17129.8	21332.7	17068.7	21197.8	140.99931	1022.97729	343.86227	1.0692	1.71743	318.87546	1467.39099	339653	1	60	1	-470	-470	184.13591	40.27973	17129.8	21332.7	17099.7233852476	21447.471246584
405/561	18028.6	21019.1	17967.5	20884.2	426.81458	3353.82739	357.85806	0.32028	1.55207	318.81424	3542.23901	341187	1	1	1	-492	-492	603.68893	14.6566	18028.6	21019.1	17997.2628483802	21132.4283432043
405/561	18880.6	21097.1	18819.6	20962.2	108.75594	794.80823	345.11569	1.19531	1.76264	434.72784	1979.11829	344623	1	69	1	-495	-495	143.06548	59.55266	18880.6	21097.1	18846.4028835817	21207.3584593353
405/561	18952.7	20975.5	18891.6	20840.6	161.93355	4009.72412	378.40271	1.24065	1.24695	247.10023	6677.4126	346954	2	5	1	-473	-473	721.75034	16.34336	18952.7	20975.5	18916.2841455867	21083.8197141961
405/561	18089.4	21158.3	18028.3	21023.4	76.95049	601.31604	356.86649	0.30009	1.5429	292.58942	820.13959	353693	1	8	1	-481	-481	108.23689	69.15134	18089.4	21158.3	18046.378656263	21261.6679237841
405/561	17537.9	21224.2	17476.8	21089.3	78.29972	1517.60559	351.16571	0.59074	1.60271	274.28378	14553.67383	354423	2	45	1	-470	-470	273.16901	36.79372	17537.9	21224.2	17494.1236219221	21327.085167189
405/561	19404.1	21063	19343.1	20928.1	103.90011	860.13049	367.31125	0.28148	1.42899	372.36871	1382.44385	354703	1	5	1	-498	-498	154.82349	57.88513	19404.1	21063	19360.1321087747	21165.7025906431
405/561	17312.2	21025.5	17251.1	20890.6	119.18275	953.85852	361.1564	0.1507	1.43987	285.95953	1003.70422	354873	1	4	1	-460	-460	171.69453	44.9746	17312.2	21025.5	17267.9546073949	21128.0924334053
405/561	19933.3	21208.8	19872.3	21073.9	132.93549	1075.37585	363.09454	0.2385	1.4249	308.46985	1680.6167	359742	1	7	1	-465	-465	193.56765	41.94851	19933.3	21208.8	19883.9149886422	21308.4481605152
405/561	17753.4	21123	17692.3	20988.1	143.59785	1206.96643	370.11243	0.70446	1.33773	306.26202	2539.65796	360782	1	3	1	-467	-467	217.25396	38.86461	17753.4	21123	17702.7591561541	21222.0687913151
405/561	19743.8	21029.6	19682.7	20894.6	122.06168	1013.34082	367.83084	0.34808	1.41443	403.20728	1081.62585	364564	1	10	1	-494	-494	182.40135	51.42212	19743.8	21029.6	19688.8582089294	21126.5933494759
405/561	18648.6	21166.1	18587.5	21031.2	86.51571	692.39404	361.15134	0.10191	1.50528	267.42273	1742.20349	365572	1	5	1	-493	-493	124.63093	59.24019	18648.6	21166.1	18592.4877929808	21262.6991809178
405/561	17193.9	21401.9	17132.8	21267	162.24878	1269.44641	357.08905	0.43178	1.58007	286.30057	1569.59216	368119	1	6	1	-500	-500	228.50035	33.64923	17193.9	21401.9	17134.7893750367	21497.3053438735
405/561	18785.6	21003.2	18724.5	20868.3	177.63472	1511.74805	372.42242	0.6652	1.35448	354.06589	2355.84863	372419	1	7	1	-495	-495	272.11465	33.91019	18785.6	21003.2	18721.3083853772	21096.7478272868
405/561	18226.7	21036.8	18165.7	20901.9	178.63852	1394.65771	356.70264	0.42103	1.57566	387.71686	1014.30652	375607	1	10	1	-495	-495	251.03839	35.12584	18226.7	21036.8	18158.5858851392	21129.0777814561
405/561	19004.7	21104.5	18943.6	20969.6	251.60677	3638.20752	338.22275	1.37727	1.79316	392.58038	4620.71777	376750	2	1	1	-465	-465	654.87735	17.6406	19004.7	21104.5	18935.0653599666	21196.3408966126
405/561	19054.1	21180.5	18993	21045.6	213.15207	1844.59619	375.5484	0.93654	1.30335	410.99466	1740.15454	376838	1	3	1	-488	-488	332.02731	30.50559	19054.1	21180.5	18984.355712897	21272.3076228538
405/561	17460.4	21151.4	17399.3	21016.5	85.12675	657.90161	354.90121	0.34906	1.54892	316.98087	386.25912	378354	1	8	1	-471	-471	118.42229	65.10947	17460.4	21151.4	17388.760920535	21242.6419511045
405/561	18281.3	21107.7	18220.2	20972.7	93.43401	787.02045	370.51056	0.69792	1.34061	358.63818	526.16071	378470	1	3	1	-472	-472	141.66368	63.02426	18281.3	21107.7	18209.5154996952	21198.7992263314
405/561	19560.3	21020.4	19499.2	20885.5	167.73033	1423.30933	371.88092	0.67462	1.35054	473.43408	3068.88184	379030	1	37	1	-488	-488	256.19568	40.80366	19560.3	21020.4	19487.8126468749	21111.3940135369
405/561	19756.1	21160.2	19695	21025.2	71.55896	588.03912	365.95792	0.21286	1.44139	336.4248	1727.60474	379827	1	3	1	-495	-495	105.84704	79.22894	19756.1	21160.2	19682.610090701	21250.804796905
405/561	17738.8	21048.7	17677.7	20913.8	103.73582	758.19495	345.13269	0.93636	1.68128	305.91449	1438.21411	383929	1	15	1	-465	-465	136.47509	52.95631	17738.8	21048.7	17660.1152929484	21137.9595087182
405/561	17285.8	21202.2	17224.7	21067.3	198.17026	1741.7179	378.46848	1.12385	1.27189	299.92722	1634.95276	384455	1	5	1	-491	-491	313.50922	28.48889	17285.8	21202.2	17206.445772406	21291.2782614007
405/561	19973.3	21185.5	19912.2	21050.6	137.92201	1072.30823	355.96152	0.3828	1.5623	418.72552	2197.37109	387553	1	4	1	-484	-484	193.01548	46.53584	19973.3	21185.5	19889.9922845054	21273.5219889919
405/561	17881.1	21123.1	17820	20988.2	123.87369	896.56104	343.44757	1.12093	1.73209	334.37183	1719.4137	390310	1	0	1	-473	-473	161.38099	46.54398	17881.1	21123.1	17794.2657804059	21210.1890961336
405/561	19357.7	21314.2	19296.7	21179.3	77.3474	636.70367	366.2738	0.24306	1.43496	288.79166	503.69394	390970	1	94	1	-494	-494	114.60666	68.38248	19357.7	21314.2	19270.1213483989	21401.0654767778
405/561	19414.3	21372.9	19353.2	21238	72.98685	621.32214	372.47415	0.66429	1.35485	308.77292	1229.30627	403389	1	52	1	-495	-495	111.83799	74.63519	19414.3	21372.9	19310.8254273673	21455.3852879366
405/561	19504	21134.9	19442.9	21000	97.50923	824.28284	371.17209	0.68679	1.3454	254.50734	1172.44849	404732	1	4	1	-480	-480	148.37091	51.64234	19504	21134.9	19398.8298030976	21216.8896538922
405/561	18159	21019.9	18098	20885	86.22909	692.94476	361.8949	0.08417	1.50325	283.20905	933.56146	405247	1	62	1	-497	-497	124.73006	61.02252	18159	21019.9	18053.2801838086	21101.6985453524
405/561	19485.9	21117.6	19424.8	20982.7	112.45565	915.28308	364.20602	0.29062	1.41595	340.57913	800.78778	408804	1	2	1	-468	-468	164.75095	51.47275	19485.9	21117.6	19375.6021481669	21198.063350411
405/561	19705.4	21040.6	19644.3	20905.7	105.51585	912.65216	375.45151	0.96288	1.29725	293.64197	1485.30005	415510	1	2	1	-483	-483	164.27739	51.11139	19705.4	21040.6	19586.6979790207	21118.4794667906
405/561	17873.2	21316.7	17812.2	21181.8	97.58353	701.11426	342.18912	1.25004	1.76834	276.96225	366.5416	417760	1	3	1	-479	-479	126.20057	53.65466	17873.2	21316.7	17751.788277048	21393.6949810367
405/561	19804.2	21208.7	19743.1	21073.8	71.31833	1540.1792	339.54855	1.26487	1.76173	334.755	-3118.3606	424563	2	4	1	-462	-462	277.23226	37.26763	19804.2	21208.7	19674.2193996654	21282.9746764854
405/561	17541.5	21083.2	17480.4	20948.3	228.45526	6394.44629	374.05765	0.83751	1.32059	295.39304	6988.61279	427852	4	68	1	-487	-487	1151.00033	14.99471	17541.5	21083.2	17407.4374041958	21156.1379165684
405/561	18447.5	21154.5	18386.4	21019.6	70.46648	593.0896	370.36411	0.70035	1.33955	295.67096	867.79889	429928	1	21	1	-470	-470	106.75613	75.66671	18447.5	21154.5	18310.8644198418	21226.5879755911
405/561	19438.1	21031.5	19377	20896.6	220.96475	3281.7583	380.38785	1.27342	1.24626	284.97107	4549.97266	432586	3	2	1	-489	-489	590.71649	25.11255	19438.1	21031.5	19298.1736650583	21102.4935588421
405/561	17152.7	21181	17091.6	21046.1	123.51888	1057.29529	373.50079	0.93924	1.29608	252.26579	718.88293	439072	1	61	1	-467	-467	190.31315	41.10443	17152.7	21181	17004.7574080489	21249.2989804292
405/561	18254.3	20958.2	18193.2	20823.3	286.88846	2421.74316	370.90915	0.69126	1.34349	306.56308	2073.80786	440806	1	4	1	-477	-477	435.91377	20.50843	18254.3	20958.2	18104.2169164313	21025.7740426688
405/561	19914.4	21178.2	19853.4	21043.3	129.0493	1134.61438	378.53528	1.22085	1.25154	327.38205	918.4826	441079	1	3	1	-478	-478	204.23059	44.31038	19914.4	21178.2	19764.079998236	21245.6597701652
405/561	19241.6	21257.8	19180.6	21122.9	84.76716	625.91449	346.89957	0.8647	1.66671	272.95172	2178.1311	443565	1	1	1	-470	-470	112.66461	60.99877	19241.6	21257.8	19088.2128029084	21324.2176836187
405/561	20147.6	21049.4	20086.5	20914.5	95.69698	846.75043	379.74203	1.26654	1.24571	337.6427	279.4801	445441	1	3	1	-484	-484	152.41508	59.86945	20147.6	21049.4	19991.7990714667	21115.0298110668
405/561	18282.6	21208.3	18221.6	21073.3	64.47733	559.63879	376.10614	1.10376	1.26871	219.84251	996.93634	449258	1	25	1	-469	-469	100.73498	71.79067	18282.6	21208.3	18122.1929103791	21272.2242095518
405/561	20055.1	21167.4	19994	21032.4	100.81314	866.3761	374.24387	1.03203	1.2781	311.06775	-1520.81506	450593	1	42	1	-460	-460	155.9477	54.82518	20055.1	21167.4	19892.9471729376	21230.7622172289
405/561	19162.4	20987.5	19101.3	20852.6	106.14095	912.50812	374.31473	1.03309	1.2781	306.21826	1077.77856	452606	1	4	1	-460	-460	164.25146	51.80778	19162.4	20987.5	18997.765663787	21050.1147371308
405/561	19771.8	21097.6	19710.7	20962.7	155.61403	2349.2417	370.31305	0.66635	1.34724	270.66034	6174.40039	453812	2	16	1	-474	-474	422.86351	26.72183	19771.8	21097.6	19605.6789775878	21159.7070062583
405/561	17503.6	21266.4	17442.6	21131.5	70.96169	574.71735	363.30823	0.00278	1.48698	242.05844	451.32861	461655	1	58	1	-499	-499	103.44912	68.45614	17503.6	21266.4	17327.9105863269	21325.2050715704
405/561	18250.6	21122.5	18189.5	20987.6	138.02638	1016.73889	346.48444	1.12186	1.74471	269.03134	1144.90295	461992	1	2	1	-498	-498	183.013	38.11246	18250.6	21122.5	18074.3951524553	21181.1631932088
405/561	19705.2	21072.6	19644.2	20937.7	154.82841	1228.9093	359.66208	0.21315	1.52955	365.46115	46.61818	464539	1	3	1	-494	-494	221.20367	39.17125	19705.2	21072.6	19525.9553599599	21130.1908959182
405/561	18257.9	21099	18196.9	20964.1	120.91305	1020.16742	370.81662	0.69281	1.34282	314.52203	1178.75525	468839	1	1	1	-476	-476	183.63014	46.30464	18257.9	21099	18073.3545716873	21154.780578545
405/561	17901.4	21132.7	17840.3	20997.7	85.88199	730.66376	372.36407	0.66622	1.35405	284.49338	839.97034	471692	1	22	1	-494	-494	131.51948	61.38051	17901.4	21132.7	17713.2375603055	21187.1794540181
405/561	19880.4	21187.8	19819.4	21052.9	184.43907	2699.1792	355.20563	0.32085	1.54229	332.4425	1430.40186	472325	2	62	1	-470	-470	485.85226	23.74661	19880.4	21187.8	19691.5572349622	21242.1129584606
405/561	17827.8	21195.1	17766.7	21060.2	110.94321	902.29181	364.06857	0.13638	1.45407	295.78119	225.24849	475380	1	4	1	-488	-488	162.41253	48.88881	17827.8	21195.1	17635.0912098057	21248.1267911176
405/561	17989.4	21113.1	17928.3	20978.2	70.6546	627.0343	380.30801	1.27685	1.24531	301.8721	1348.19336	477759	1	5	1	-488	-488	112.86617	76.20502	17989.4	21113.1	17793.7585178754	21165.1252225058
405/561	19886.4	20975.7	19825.3	20840.8	98.72159	861.68457	377.16217	1.11409	1.26989	363.75137	1211.8761	479153	1	7	1	-479	-479	155.10322	60.14936	19886.4	20975.7	19689.0400762819	21027.1383428736
405/561	19883.1	21274.6	19822.1	21139.7	117.27095	911.37	355.88705	0.3895	1.56388	340.18961	1569.92273	479492	1	4	1	-484	-484	164.0466	49.42463	19883.1	21274.6	19685.4221769274	21325.895622504
405/561	17486.6	20978.3	17425.5	20843.4	102.39177	806.21375	358.22226	0.25565	1.5358	279.39096	1377.60059	482416	1	2	1	-487	-487	145.11847	51.43413	17486.6	20978.3	17285.217640902	21028.3646066902
