ChannelName	X	Y	Xc	Yc	Height	Area	Width	Phi	Ax	BG	I	Frame	Length	Link	Valid	Z	Zc	Photons	LateralLocalizationAccuracy	Xw	Yw	Xwc	Ywc
405/561	12367.2	16285.3	12359.8	16265.5	320.63336	1834.27722	305.34311	1.11142	1.09831	306.42136	2365.74561	403	1	51	1	822.816	822.816	330.1699	18.61645	12367.2	16285.3	12582.0505129461	16287.013466561
405/561	12306.3	16598.1	12298.6	16556.7	288.45477	1993.11206	335.57303	0.13368	1.03105	372.87964	4213.30859	682	1	33	1	826.056	826.056	358.76017	22.12784	12306.3	16598.1	12522.1048649756	16577.678773468
405/561	12311.5	16480.5	12303.8	16438.2	648.65546	7449.40967	353.99088	0.81903	1.02672	413.51224	12909.6582	698	2	7	1	819.576	819.576	1340.89374	10.22849	12311.5	16480.5	12527.3768683538	16459.1480918886
405/561	12345.2	16116.4	12337.4	16073.8	522.70862	4451.41211	372.54532	1.48531	1.02296	215.90009	8734.91211	704	1	4	1	811.152	811.152	801.25418	10.83598	12345.2	16116.4	12561.003871538	16094.7365857928
405/561	12174.3	16656	12166.5	16613.4	341.92987	2022.89636	310.51196	1.09873	1.22823	249.62549	3829.5127	704	1	30	1	800.136	800.136	364.12135	16.28249	12174.3	16656	12390.103871538	16634.3365857929
405/561	12211.5	16664.5	12203.8	16613.9	284.11285	1977.06909	336.76392	0.18328	1.02744	302.06448	3310.198	870	1	45	1	826.704	826.704	355.87244	20.59225	12211.5	16664.5	12428.1513719176	16634.5181422035
405/561	12304.9	16588.2	12296.7	16533.4	367.53735	4600.46777	299.51974	1.432	1.17123	227.4617	8858.54102	945	2	9	1	813.744	813.744	828.0842	9.41038	12304.9	16588.2	12521.3893569474	16553.8741990819
405/561	12243	16634.6	12234.8	16579.5	414.44168	8536.95605	366.18173	1.19683	1.05637	266.59512	17671.87695	948	3	11	1	805.32	805.32	1536.65209	9.50666	12243	16634.6	12459.502879675	16599.9684404835
405/561	12357.6	16566	12348.5	16505.4	314.43137	2637.11987	369.71072	1.33448	1.04886	228.62904	4958.10498	1036	1	38	1	805.32	805.32	474.68158	16.89929	12357.6	16566	12573.5996595742	16525.6994918618
405/561	12259.3	16529.6	12250	16467.6	307.88339	4977.4375	336.681	0.12778	1.06291	283.99612	9703.26074	1058	2	23	1	818.28	818.28	895.93875	11.58872	12259.3	16529.6	12475.1988886403	16487.8572457534
405/561	12280	16597.9	12266.5	16528.8	346.55585	2692.93066	355.8656	0.81259	1.06805	282.15875	5394.36377	1195	1	20	1	807.912	807.912	484.72752	16.7974	12280	16597.9	12492.3171195006	16548.7940877734
405/561	12311.3	16560.1	12295.4	16488.3	523.10632	3263.48096	318.86411	0.5328	1.05497	415.267	4439.60254	1258	1	9	1	826.704	826.704	587.42657	13.56932	12311.3	16560.1	12521.50159024	16508.1730276153
405/561	12214.1	16615	12197.5	16542.3	207.07854	1334.11938	324.03345	0.48445	1.1544	292.53305	2663.3501	1275	1	33	1	805.32	805.32	240.14149	27.11183	12214.1	16615	12423.6783709174	16562.1403556693
405/561	12205	16599.6	12188.1	16526.6	408.90948	2716.18945	329.02316	0.11682	1.03349	244.80142	6087.7832	1283	1	34	1	828	828	488.9141	13.86018	12205	16599.6	12414.3145057475	16546.4249799145
405/561	12189.8	16788.9	12172.2	16715.2	253.31364	1855.995	345.55661	0.52922	1.01442	225.21382	3281.65283	1300	1	21	1	826.704	826.704	334.0791	20.32506	12189.8	16788.9	12398.49129809	16734.992304905
405/561	12283.4	16573.8	12258.9	16485.4	407.29541	2944.96826	343.27771	0.3555	1.07151	320.4631	5498.19482	1533	1	43	1	813.096	813.096	530.09429	15.30615	12283.4	16573.8	12486.2445968607	16504.7442570865
405/561	12344.4	16566	12306.6	16421.5	327.13266	1835.74536	302.41568	1.3402	1.18555	306.19064	3442.87549	2391	1	44	1	810.504	810.504	330.43417	18.2857	12344.4	16566	12537.8355200467	16439.1911466317
405/561	12155.2	16686	12113.8	16517.6	458.78317	2702.00952	309.81308	0.89814	1.06684	118.18384	5235.0625	2689	1	30	1	827.352	827.352	486.36171	10.22234	12155.2	16686	12346.3912029324	16534.7158627647
405/561	12234.8	16580.7	12189.7	16402.9	383.22552	2838.19629	347.41937	0.53231	1.05577	358.75098	5783.94824	2839	1	11	1	815.04	815.04	510.87533	16.85604	12234.8	16580.7	12422.9743903414	16419.7260811228
405/561	12186.4	16676.9	12135.8	16479.1	296.10571	1986.70447	330.67645	0.10285	1.06784	229.5267	4707.65869	3097	1	28	1	819.576	819.576	357.6068	17.86397	12186.4	16676.9	12370.2506866424	16495.4273378928
405/561	12194.4	16585	12142	16380.5	475.3512	6114.93262	360.06451	1.06739	1.00921	335.52246	10678.58203	3310	2	11	1	822.168	822.168	1100.68787	11.5791	12194.4	16585	12377.4229434497	16396.4152884068
405/561	12285.3	16527.1	12231.7	16317.7	274.88519	2327.26294	371.45578	1.39289	1.04971	335.74045	4147.70898	3403	1	32	1	804.024	804.024	418.90733	22.11814	12285.3	16527.1	12467.5477627032	16333.4352973402
405/561	12225.4	16496.1	12167.5	16278.6	394.99091	10365.75391	356.03506	0.78866	1.0836	177.31976	21202.18555	3567	4	11	1	803.376	803.376	1865.8357	7.36464	12225.4	16496.1	12404.0973604841	16294.017774471
405/561	12144.1	16691	12085.7	16473.1	248.24945	1703.49854	334.4158	0.03481	1.11183	315.26944	4000.14478	3576	1	29	1	808.56	808.56	306.62974	23.67947	12144.1	16691	12322.3385135351	16488.5003450793
405/561	12189.6	16561.7	12124.4	16340.4	292.44562	4776.96094	358.09213	0.87504	1.07629	270.29181	6641.46582	3830	2	60	1	804.672	804.672	859.85297	13.12915	12189.6	16561.7	12362.2006427023	16355.3082654465
405/561	12222.9	16482.8	12157.5	16261.9	461.87839	2950.54761	322.6618	0.44601	1.0968	308.12109	4973.40918	3852	1	45	1	816.984	816.984	531.09857	13.55084	12222.9	16482.8	12395.4013622686	16276.7656279075
405/561	12296.8	16536.5	12218.3	16297.1	299.93524	2037.15796	332.70447	0.04793	1.08098	143.23663	4393.41211	4449	1	59	1	815.688	815.688	366.68843	15.0086	12296.8	16536.5	12458.9381939099	16310.807636636
405/561	12215.9	16561.2	12137.3	16321.7	261.56641	4102.11279	350.74005	0.64032	1.06249	265.32977	7967.4668	4455	2	35	1	811.8	811.8	738.3803	14.388	12215.9	16561.2	12377.9657346407	16335.3959893713
405/561	12265.8	16553.3	12188.7	16315.2	206.37804	1229.33142	311.57513	1.04176	1.21674	316.64465	3566.84351	4560	1	40	1	801.432	801.432	221.27966	28.13474	12265.8	16553.3	12429.8478060323	16328.6921337188
405/561	12171.6	16573.8	12102.1	16342.9	371.23904	2951.76074	359.9762	0.95311	1.07011	203.0276	5744.6665	4777	1	17	1	804.672	804.672	531.31693	14.07819	12171.6	16573.8	12344.2447275146	16355.9706638027
405/561	12267.8	16530.9	12199.7	16301.5	355.02002	2153.17139	314.39304	0.90863	1.19803	373.15094	2957.23901	4857	1	18	1	802.728	802.728	387.57085	18.35673	12267.8	16530.9	12442.212469633	16314.4152271299
405/561	12214.2	16597.9	12146.4	16368.9	566.49921	3945.91089	336.9256	0.19154	1.02595	263.42014	6406.06006	4882	1	10	1	826.704	826.704	710.26396	10.82506	12214.2	16597.9	12389.0274122414	16381.7666470779
405/561	12104.2	16096.4	12104.2	16096.4	436.1402	3341.63452	353.36737	0.40588	1.22242	339.00714	5108.17236	55	1	108	1	811.512	811.512	601.49421	14.7173	12104.2	16096.4	12312.8531807127	16283.8331868515
405/561	12263	16637.2	12261.4	16635.6	570.14246	3544.37427	318.30112	1.03886	1.35984	246.19066	7449.91309	144	1	13	1	812.808	812.808	637.98737	10.56071	12263	16637.2	12470.4628050571	16822.8601292933
405/561	12307.9	16565.6	12305.1	16562.8	744.14563	4160.30371	301.85165	1.42365	1.22957	484.17636	7306.62744	174	1	6	1	840.024	840.024	748.85467	10.59853	12307.9	16565.6	12514.3009105808	16750.0017874321
405/561	12261.5	16580.3	12254.3	16573.3	515.41302	4075.34863	358.97543	0.65066	1.1951	356.51144	5150.86084	285	1	34	1	812.808	812.808	733.56275	12.96828	12261.5	16580.3	12464.0120304624	16760.2858885517
405/561	12267.1	16616.7	12259.4	16605.9	925.97516	5705.73682	316.89563	0.68749	1.11328	322.4303	11308.52832	328	1	44	1	852.336	852.336	1027.03263	7.77979	12267.1	16616.7	12469.3100860686	16792.8022378119
405/561	12125.4	16748.1	12118	16710.4	406.82767	2843.58545	337.51102	0.07472	1.11349	294.67673	6054.49121	615	1	52	1	842.616	842.616	511.84538	14.85932	12125.4	16748.1	12329.2327483165	16896.7437191598
405/561	12143.3	16593.1	12135.8	16554.8	846.44397	5333.30713	320.44925	0.58074	1.13138	226.20578	9455.92578	623	1	7	1	847.152	847.152	959.99528	7.58372	12143.3	16593.1	12347.0696354293	16741.1281458428
405/561	12226.1	16568.9	12218.4	16520.2	199.70532	14397.09766	352.83365	0.52083	1.1608	390.77231	24198.53516	832	4	1	1	823.824	823.824	2591.47758	7.25405	12226.1	16568.9	12430.6336559039	16706.1212024247
405/561	12148.3	16515.1	12139.7	16457.6	526.39783	4254.17432	362.91977	0.95985	1.11546	399.47803	6936.89014	988	1	13	1	827.712	827.712	765.75138	13.27204	12148.3	16515.1	12352.653634843	16643.2173441009
405/561	12210	16587	12201.1	16527.8	481.17029	5429.22559	350.29337	0.28964	1.22936	239.39185	11947.22559	1013	2	16	1	812.16	812.16	977.26061	10.8089	12210	16587	12414.1690488903	16713.368640241
405/561	12211.4	16566	12202.1	16504.2	317.15726	10663.51465	332.16251	0.04909	1.06889	349.35938	19478.01758	1054	4	66	1	854.928	854.928	1919.43264	8.14936	12211.4	16566	12415.3583472719	16689.6887608307
405/561	12176.6	16574.6	12166.3	16509.3	348.40134	8408.0166	373.08392	1.16293	1.17114	269.37817	12271.6123	1114	2	14	1	807.624	807.624	1513.44299	8.64106	12176.6	16574.6	12379.8354122647	16694.6718528478
405/561	12193.7	16603.3	12182.8	16537.2	521.09351	4498.29492	375.08197	1.31131	1.13728	322.9534	7064.15234	1130	1	42	1	814.104	814.104	809.69309	12.39427	12193.7	16603.3	12396.4093048203	16722.5406751384
405/561	12198.8	16492.4	12183.5	16421.4	512.98669	9126.36523	368.10464	1.19917	1.08645	332.10693	17052.13086	1240	2	3	1	831.6	831.6	1642.74574	8.47152	12198.8	16492.4	12397.6174124981	16606.5263030806
405/561	12203.9	16620.9	12186.9	16547.8	447.90268	3409.43872	352.21649	0.39185	1.21149	303.97498	7627.78125	1286	1	19	1	814.104	814.104	613.69897	13.82109	12203.9	16620.9	12401.2299432153	16732.8366436302
405/561	12258.1	16580.1	12238.2	16501.3	420.47784	13588.56055	376.89648	1.29357	1.1672	331.78333	16564.17188	1371	3	35	1	805.032	805.032	2445.9409	7.24028	12258.1	16580.1	12452.9227383278	16686.1709487814
405/561	12192.7	16587.7	12171.3	16505.5	499.87363	3337.5144	329.86899	0.6732	1.37223	394.55963	7929.13818	1419	1	7	1	803.736	803.736	600.75259	13.84252	12192.7	16587.7	12386.2445946923	16690.277368724
405/561	12242.6	16357.9	12220.7	16274.8	574.9101	3819.32202	329.04343	0.41197	1.21725	477.5296	6865.17383	1432	1	56	1	827.712	827.712	687.47796	13.15739	12242.6	16357.9	12435.7046860363	16459.5520227476
405/561	12226.5	16566.5	12202.4	16478.4	553.39587	14884.18164	372.06445	1.23035	1.13026	364.37646	21932.74609	1506	3	15	1	817.992	817.992	2679.1527	6.77531	12226.5	16566.5	12417.7467866429	16663.0077345723
405/561	12230.4	16566.8	12204.5	16477.2	827.45197	4782.98193	306.92908	1.2187	1.21963	638.7616	7905.88379	1639	1	8	1	838.728	838.728	860.93675	10.68612	12230.4	16566.8	12420.4618207713	16661.5483591753
405/561	12213.8	16565	12186.9	16474.4	423.17477	9656.80469	331.83521	0.07891	1.08048	319.85782	17981	1707	3	64	1	852.336	852.336	1738.22484	7.71624	12213.8	16565	12403.1763607779	16658.6157234826
405/561	12172.7	16599.3	12144.5	16498.4	829.38312	6962.40918	369.88116	1.29443	1.07051	385.73053	9293.0498	1881	1	94	1	834.84	834.84	1253.23365	8.92746	12172.7	16599.3	12361.5814723077	16682.2762640915
405/561	12176.9	16546.6	12147.8	16442.9	574.53735	24025.92773	376.5199	1.44674	1.1011	259.4989	37634.48828	1921	5	31	1	821.88	821.88	4324.66699	4.90591	12176.9	16546.6	12365.0666069971	16626.6982139043
405/561	12158.1	16571.1	12128.6	16466.4	619.44287	11025.73828	360.50925	0.88466	1.11235	419.66278	-61666.22656	1933	2	9	1	829.656	829.656	1984.63289	7.55973	12158.1	16571.1	12345.9221510994	16650.1747978777
405/561	12141.5	16618.3	12109.6	16508.5	385.97546	9554.76563	364.14526	1.18543	1.02531	400.18213	18037.60938	1994	3	37	1	851.04	851.04	1719.85781	9.96165	12141.5	16618.3	12327.2045264272	16692.1557595438
405/561	12226	16473.6	12189.6	16344.4	665.20874	5815.32031	377.45734	1.45234	1.11139	388.44226	10289.8125	2217	1	2	1	818.64	818.64	1046.75766	10.74439	12226	16473.6	12408.2371797702	16527.620491233
405/561	12183.7	16528.2	12147.1	16392.1	489.16733	8622.86035	373.00641	1.31209	1.10896	363.13986	16553.78906	2293	2	12	1	822.528	822.528	1552.11486	9.38927	12183.7	16528.2	12366.0892420177	16575.1721154278
405/561	12219.3	16507.5	12182.5	16369.9	472.99557	11824.08887	334.36996	0.18912	1.19773	349.07022	22097.83984	2311	3	14	1	828.36	828.36	2128.336	6.78306	12219.3	16507.5	12401.5726343611	16552.9369713791
405/561	12241	16534.2	12204.1	16396.2	358.2233	8655.0791	339.70297	0.25732	1.05137	256.83133	17670.84766	2316	3	32	1	855.576	855.576	1557.91424	8.15582	12241	16534.2	12423.1957995196	16579.2272089809
405/561	12212.9	16600	12173.1	16442.8	646.71558	7736.8457	317.48157	0.64212	1.09697	297.93814	16272.91406	2543	3	4	1	854.928	854.928	1392.63223	8.44227	12212.9	16600	12393.2477750187	16625.3839232763
405/561	12220.7	16556.2	12180.6	16396.5	827.57147	14124.55469	327.86765	0.27017	1.10882	309.50128	23083.62109	2575	3	15	1	848.448	848.448	2542.41984	5.45148	12220.7	16556.2	12400.8961137636	16579.0214224638
405/561	12312.4	16508.3	12271.2	16341.7	483.60507	2717.1145	302.59976	1.35406	1.20052	255.29207	9245.30566	2666	1	35	1	843.912	843.912	489.08061	12.24222	12312.4	16508.3	12491.9180078613	16524.0436711263
405/561	12287.3	16515.2	12242.6	16338.4	555.01007	5264.43555	299.04318	1.44548	1.16749	183.6245	10444.02344	2823	2	14	1	850.392	850.392	947.5984	7.86903	12287.3	16515.2	12464.0460801737	16520.4369515782
405/561	12190.9	16618.7	12145.2	16439.3	380.35495	8146.88672	345.0549	0.03452	1.30087	328.07751	12341.43262	2864	2	35	1	803.736	803.736	1466.43961	8.33448	12190.9	16618.7	12366.8362520582	16621.2568427712
405/561	12320.4	16502.6	12270.8	16308.9	410.95935	5679.0542	301.13062	1.39349	1.18857	189.12943	11628.17383	3048	2	45	1	846.504	846.504	1022.22976	7.55618	12320.4	16502.6	12493.2898947122	16490.4972806142
405/561	12231.9	16530.2	12181.2	16331.9	521.54193	8335.25977	305.78189	1.32035	1.259	265.3566	17838.66992	3104	3	3	1	834.192	834.192	1500.34676	7.14883	12231.9	16530.2	12403.9497584132	16513.38783305
405/561	12422.7	16534.7	12370.6	16331.5	295.03247	1929.29614	326.45593	0.26923	1.07342	319.56989	3702.86914	3273	1	32	1	856.224	856.224	347.27331	20.36766	12422.7	16534.7	12594.1341509218	16512.6574936599
405/561	12272.4	16502	12219.7	16296.1	586.09369	6500.14453	337.18793	0.35683	1.33315	298.8736	13629.44922	3336	2	8	1	804.384	804.384	1170.02602	9.40083	12272.4	16502	12443.5266175486	16477.1343336457
405/561	12294.7	16576.4	12241.9	16370.2	413.27991	2279.12671	299.79346	1.35515	1.11974	351.81256	5098.16699	3343	1	23	1	857.52	857.52	410.24281	15.69152	12294.7	16576.4	12465.7591157967	16551.220648686
405/561	12315.1	16529.4	12261.3	16319.1	542.55322	11549.91699	335.57727	0.04532	1.08957	241.86525	22497.28906	3420	3	50	1	849.096	849.096	2078.98506	6.16852	12315.1	16529.4	12485.5166219144	16499.9701074612
405/561	12163.4	16762.2	12108.8	16548.5	312.33395	2263.86719	343.69714	0.23347	1.14702	465.45538	3759.7749	3483	1	12	1	832.248	832.248	407.49609	22.5643	12163.4	16762.2	12333.3091609465	16729.2469284323
405/561	12265.3	16533.1	12210.6	16319.3	395.18781	3416.64478	375.36884	1.1719	1.19587	345.86826	6869.79199	3485	1	1	1	800.496	800.496	614.99606	16.15556	12265.3	16533.1	12435.118448393	16500.0430178574
405/561	12271	16528	12216.3	16313.5	573.6394	7703.27148	364.3649	0.93798	1.14688	273.90121	13487.01367	3498	2	76	1	819.288	819.288	1386.58887	8.99272	12271	16528	12440.8788175277	16494.2175989284
405/561	12320.8	16497.3	12262.5	16279.5	767.64087	5510.80273	342.04907	0.01832	1.24463	197.69424	7959.14355	3574	1	43	1	815.4	815.4	991.94449	7.87233	12320.8	16497.3	12487.4317699092	16460.068989359
405/561	12280	16503.8	12218.9	16283.4	466.68616	3432.61353	346.22629	0.27496	1.17063	279.92838	5069.2876	3633	1	46	1	826.416	826.416	617.87043	12.96821	12280	16503.8	12444.1058014711	16463.8536137734
405/561	12286.5	16582.6	12221.2	16361.4	522.33228	2935.19751	302.62534	1.48928	1.29393	311.75375	6399.69531	3840	1	10	1	830.952	830.952	528.33555	12.27585	12286.5	16582.6	12447.3674264796	16541.4487709788
405/561	12286.4	16552.5	12220.9	16331.8	381.66165	3033.19336	359.89087	0.81628	1.13435	237.12125	4657.42041	3870	1	32	1	825.12	825.12	545.9748	14.50553	12286.4	16552.5	12447.2068162833	16511.7900918439
Bead Drift Correction	12158	16879.2	12091.9	16658.3	683.86102	5133.60645	349.7739	0.5573	1.08914	158.67247	6230.71582	3940	1	12	1	841.968	841.968	924.04916	8.12942	12158	16879.2	12318.5320816664	16838.1531679515
405/561	12331.1	16537.6	12252.7	16298.4	723.72449	14976.79688	342.96207	0.3034	1.09501	345.43472	22518.13477	4442	4	10	1	843.912	843.912	2695.82344	6.38072	12331.1	16537.6	12481.6655433107	16477.2710063405
405/561	12257.2	16575.7	12178.6	16336.3	348.69974	2366.54395	332.57648	0.56786	1.36363	416.46219	5325.32129	4453	1	14	1	803.088	803.088	425.97791	19.48411	12257.2	16575.7	12407.6166900248	16515.1494809095
405/561	12269.4	16409.1	12190	16168.8	759.04352	5674.22559	349.04385	0.50755	1.10187	328.63889	9251.8418	4494	1	1	1	839.376	839.376	1021.36061	9.13717	12269.4	16409.1	12419.2073329363	16347.5692484028
405/561	12317	16563.8	12237.4	16323.3	610.73578	6722.66016	342.80225	0.2771	1.10656	233.27441	12403.1875	4501	2	12	1	841.32	841.32	1210.07883	8.63558	12317	16563.8	12466.63988253	16502.0555499588
405/561	12308.5	16534	12229.4	16294	948.1463	7067.5127	348.54245	0.39658	1.14974	305.94562	10560.33789	4513	1	7	1	829.008	829.008	1272.15229	7.50491	12308.5	16534	12458.6956823727	16472.7320667704
405/561	12261.2	16538.4	12186.1	16302.1	560.75067	4877.34521	376.50165	1.3784	1.12872	304.59009	9112.93848	4604	1	6	1	814.752	814.752	877.92214	11.4187	12261.2	16538.4	12415.8188528769	16480.6539802267
405/561	12247.9	16779.5	12175.2	16545.5	242.7829	2055.37476	371.44672	1.48262	1.00406	343.8642	4056.03003	4660	1	13	1	854.28	854.28	369.96746	25.03021	12247.9	16779.5	12405.1792839516	16723.9443836605
405/561	12303.9	16605	12231.9	16371.6	533.95984	4299.95068	362.27429	0.71419	1.2139	222.10352	7880.27783	4673	1	7	1	806.328	806.328	773.99112	10.75118	12303.9	16605	12461.9397431108	16550.0189410896
405/561	12367.8	16510.3	12297.4	16278.4	514.57178	5174.48096	296.17722	1.49425	1.11694	300.33234	10520.42871	4722	2	7	1	859.464	859.464	931.40657	9.19807	12367.8	16510.3	12527.667634059	16456.7230404812
405/561	12299.3	16503.6	12229.2	16272.1	457.51373	3545.99268	355.40775	0.70871	1.11268	292.70602	7313.78809	4745	1	33	1	832.896	832.896	638.27868	13.38891	12299.3	16503.6	12459.5746067173	16450.378025007
405/561	12292.5	16521.7	12224	16292	467.42468	2958.69556	321.18433	0.84148	1.30394	328.27499	7196.82715	4840	1	0	1	818.64	818.64	532.5652	13.72198	12292.5	16521.7	12454.8164727209	16470.0920856404
405/561	12369.7	16511.7	12301.3	16282.1	525.69543	4001.427	352.20895	0.71283	1.0513	283.19199	7185.90869	4846	1	15	1	849.744	849.744	720.25686	11.77626	12369.7	16511.7	12532.1443812248	16460.1803417923
405/561	12339.2	16515.6	12271.5	16286.7	409.32022	3178.27393	355.73297	0.83178	1.05522	273.9874	5338.97266	4886	1	24	1	847.152	847.152	572.08931	14.38405	12339.2	16515.6	12502.5304413733	16464.7020485638
405/561	12381.4	16501.8	12314	16273.2	786.56458	5732.61279	344.64276	0.04057	1.29731	162.09134	8248.18555	5049	1	37	1	804.384	804.384	1031.8703	7.38481	12381.4	16501.8	12545.7886954638	16450.8829881671
405/561	12246.6	16439.5	12246.2	16439	521.63129	17574.48438	376.87555	1.09521	1.24266	257.92947	30735.70703	114	4	15	1	825.48	825.48	3163.40719	5.90264	12246.6	16439.5	12378.5237123445	16441.4578704614
405/561	12272.3	16491.9	12265.8	16485.6	453.93335	3196.49707	338.76706	0.88927	1.61782	301.71283	5502.90088	267	1	3	1	802.8	802.8	575.36947	13.63722	12272.3	16491.9	12398.8355764524	16487.7583505304
405/561	12203.2	16488	12195.5	16476.7	565.65851	6682.78857	359.14462	0.08915	1.43616	264.59177	16668.91406	332	2	15	1	807.984	807.984	1202.90194	9.78233	12203.2	16488	12328.8380206244	16478.7310987098
405/561	12292.3	16529.8	12284.5	16481.4	575.50549	3825.33838	329.13211	1.08201	1.57321	336.56754	9436.21094	824	1	3	1	815.76	815.76	688.56091	11.58951	12292.3	16529.8	12420.1275541478	16482.4678310377
405/561	12340.3	16411.5	12332.6	16362.2	862.55432	6751.55859	357.16495	0.13196	1.506	434.15286	8406.76953	843	1	45	1	800.856	800.856	1215.28055	8.98684	12340.3	16411.5	12468.3159778795	16363.2306298941
405/561	12380.4	16419.8	12372.7	16368.8	629.73169	4129.82617	326.92502	1.36305	1.6879	260.18884	6708.76318	877	1	47	1	805.392	805.392	743.36871	9.90667	12380.4	16419.8	12508.5742106304	16369.7640592138
405/561	12284.2	16520.4	12276.5	16469.3	716.46613	7324.35254	333.96667	0.55626	1.3807	282.56128	14925.22559	882	2	13	1	835.848	835.848	1318.38346	8.20856	12284.2	16520.4	12412.3974802351	16470.2542693862
405/561	12269.3	16487.7	12261.6	16436.2	485.78943	15017.32813	357.94394	0.27417	1.34318	259.8082	25330.57031	890	4	55	1	822.888	822.888	2703.11906	6.19612	12269.3	16487.7	12397.5347116444	16437.1386056511
405/561	12216.8	16519.4	12208.9	16466.2	707.08295	5575.63184	358.48575	0.62975	1.19726	418.2244	9081.29688	919	1	2	1	848.808	848.808	1003.61373	10.47749	12216.8	16519.4	12344.9696759133	16467.0818245036
405/561	12306.6	16409	12297.7	16349.8	454.86093	15202.66504	370.02087	0.43579	1.41897	455.76636	25680.62109	1012	3	75	1	801.504	801.504	2736.47971	7.14441	12306.6	16409	12434.2024960248	16350.4997322756
405/561	12309.5	16449.6	12300	16386.8	689.17627	9117.57031	320.7991	1.26713	1.53454	430.83075	31881.95703	1069	2	86	1	826.128	826.128	1641.16266	7.37218	12309.5	16449.6	12436.7677749274	16387.3881268206
405/561	12331.8	16395.5	12312.8	16318.8	809.28119	9545.36816	331.5979	1.11025	1.62579	452.12524	17788.58398	1343	2	11	1	807.984	807.984	1718.16627	7.62173	12331.8	16395.5	12450.8429816703	16318.8516357587
405/561	12260.3	16368.6	12241.2	16291.6	718.13879	5164.98145	342.36569	0.25607	1.36502	653.39209	8997.44824	1347	1	7	1	831.96	831.96	929.69666	12.18095	12260.3	16368.6	12379.2615978352	16291.6438037703
405/561	12274.5	16531.7	12254.8	16453.3	374.32767	3029.45386	363.17529	0.45032	1.33513	261.06891	6290.39844	1366	1	25	1	820.296	820.296	545.30169	15.25961	12274.5	16531.7	12392.9500246185	16453.3066018252
405/561	12326.4	16437.7	12304.9	16355.4	543.15826	10397.87695	351.44907	0.00829	1.37592	426.96295	13815.02148	1421	2	54	1	823.536	823.536	1871.61785	7.65904	12326.4	16437.7	12443.3059968859	16355.2989119844
405/561	12349	16388.3	12325.7	16301.8	669.47906	8804.83496	334.1091	1.07823	1.64633	388.36154	18541.77148	1480	2	41	1	803.448	803.448	1584.87029	7.83948	12349	16388.3	12464.3805853182	16301.5833901551
405/561	12344.7	16448.4	12320.8	16360.6	523.41681	4229.14111	362.87939	0.24145	1.41697	441.70789	7284.49414	1499	1	34	1	807.984	807.984	761.2454	13.85048	12344.7	16448.4	12459.5690121014	16360.3461882101
405/561	12329.6	16441.3	12304.8	16352.7	981.26819	10552.5791	342.07898	0.26898	1.36684	407.15186	18133.36133	1551	2	23	1	831.96	831.96	1899.46424	7.11433	12329.6	16441.3	12443.8110222452	16352.3443723606
405/561	12354.2	16509	12329.4	16420.3	673.91589	8574.33398	326.62238	0.96455	1.47039	365.52789	18250.75781	1554	2	63	1	829.368	829.368	1543.38012	7.56245	12354.2	16509	12468.4249843688	16419.9384983693
405/561	12297.8	16403	12272.7	16314.1	612.25287	13633.81152	345.68207	0.26292	1.41637	376.604	24810.60547	1574	3	70	1	822.24	822.24	2454.08607	6.5261	12297.8	16403	12411.8180651933	16313.6993384272
405/561	12288.3	16541.8	12262.8	16452.6	536.0199	3956.93774	346.85599	0.55658	1.56754	308.15002	6804.021	1609	1	66	1	802.152	802.152	712.24879	11.92492	12288.3	16541.8	12402.0809566362	16452.1308085284
405/561	12240	16551.8	12214.2	16462.3	654.05859	5730.76514	377.88358	0.93221	1.31427	287.81949	8986.14844	1630	1	86	1	811.224	811.224	1031.53772	9.87485	12240	16551.8	12353.578691502	16461.7896905892
405/561	12243.6	16565.6	12217.4	16475.8	665.49268	4081.66455	316.1601	1.08292	1.34255	178.88742	10983.89844	1657	1	15	1	852.696	852.696	734.69962	8.56973	12243.6	16565.6	12356.904350615	16475.2368246673
405/561	12250	16460.9	12222.6	16366.2	730.63727	5717.55225	357.12003	0.14581	1.38725	259.50955	9967.71973	1775	1	11	1	817.056	817.056	1029.1594	8.77556	12250	16460.9	12362.6535274796	16365.4057810088
405/561	12272.3	16580.5	12244.7	16484.4	580.50238	7716.53711	330.49933	0.82904	1.46361	287.82794	14874.00879	1799	2	68	1	827.424	827.424	1388.97668	7.77588	12272.3	16580.5	12384.865224469	16483.5587890783
405/561	12254	16369.5	12226.4	16273.2	251.58423	22125.27344	357.98544	0.20279	1.37394	314.59891	34681.30859	1802	5	25	1	818.352	818.352	3982.54922	5.15232	12254	16369.5	12366.5791865927	16272.352915087
405/561	12268.4	16121.1	12240.6	16023.2	532.63153	4117.48291	354.94617	0.35056	1.26997	357.43375	6436.63623	1831	1	67	1	837.792	837.792	741.14692	12.62148	12268.4	16121.1	12380.9141537882	16022.2961331709
405/561	12349.7	16320	12319.9	16214.7	765.52832	5742.84229	349.6575	0.21819	1.25282	193.18164	10133.37793	1940	1	22	1	844.272	844.272	1033.71161	7.83834	12349.7	16320	12460.7214442818	16213.5827114863
405/561	12309.5	16476.9	12279.2	16370.4	634.83875	5341.58789	370.30835	0.94179	1.22452	419.02625	7878.7251	1954	1	7	1	834.552	834.552	961.48582	11.48428	12309.5	16476.9	12420.0866008589	16369.2552995268
405/561	12253.4	16355.3	12222	16246.4	2399.8999	34529.71875	351.07639	0.1923	1.28553	496.34543	30787.40625	1983	2	6	1	837.792	837.792	6215.34937	3.0995	12253.4	16355.3	12363.0215680545	16245.1985176107
405/561	12419.1	16287.3	12386.9	16176.7	743.48145	8327.8584	323.07172	1.36567	1.62768	344.42911	13277.18359	2004	2	11	1	814.464	814.464	1499.01451	7.46116	12419.1	16287.3	12528.0193029202	16175.4573996715
405/561	12329.7	16369.3	12297.1	16257.9	710.83453	29653.09961	380.17349	0.91445	1.34421	340.61343	44160.17578	2013	5	27	1	803.448	803.448	5337.55793	4.57638	12329.7	16369.3	12438.2611892912	16256.6397776975
405/561	12408.9	16366.5	12373	16247.2	513.33594	3191.42725	318.31104	1.12945	1.41176	247.28221	6105.75732	2108	1	61	1	842.328	842.328	574.4569	11.5179	12408.9	16366.5	12514.6033232076	16245.7537679725
405/561	12304.2	16472.7	12268.3	16352.9	362.46033	3023.50635	368.71027	0.99379	1.18316	143.89969	7530.90869	2114	1	30	1	844.272	844.272	544.23114	12.86123	12304.2	16472.7	12409.931247455	16351.4420199898
405/561	12338.7	16416.8	12302.7	16295.2	558.5401	13001.24023	349.12662	0.2507	1.22957	308.52524	18876.94531	2134	3	57	1	848.808	848.808	2340.22324	6.45202	12338.7	16416.8	12444.4243282795	16293.7028600477
405/561	12341.5	16411.2	12305.2	16284.4	821.52161	5949.69141	343.55618	0.06807	1.29354	320.74908	9136.87402	2191	1	10	1	841.68	841.68	1070.94445	8.51583	12341.5	16411.2	12447.1896086293	16282.7912542126
405/561	12420.9	16375.6	12384.6	16247.4	379.06464	2405.52051	321.59399	1.28928	1.56063	292.81488	4389.13623	2207	1	67	1	822.24	822.24	432.99369	15.77681	12420.9	16375.6	12526.6640732889	16245.7599262589
405/561	12379.3	16347.5	12343	16218.8	773.51892	8309.23047	336.90314	0.79528	1.54509	352.55884	14036.39453	2212	2	10	1	812.52	812.52	1495.66148	8.07407	12379.3	16347.5	12485.0873434951	16217.1501362734
405/561	12300.1	16363.1	12263.7	16230.9	828.65906	22707.20117	377.27551	0.95453	1.29958	346.80182	35639.48828	2250	4	38	1	814.464	814.464	4087.29621	5.27107	12300.1	16363.1	12405.9641970616	16229.1757323834
405/561	12323	16351.5	12286.5	16218.3	670.09863	10091.41211	376.87695	0.72168	1.38167	357.41864	16385.25586	2261	2	48	1	800.856	800.856	1816.45418	8.30263	12323	16351.5	12428.8153915151	16216.5541944152
405/561	12348.1	16421.9	12311.4	16285.3	908.3988	7545.07764	367.9202	0.87982	1.21948	442.43066	9400.52148	2300	1	14	1	837.144	837.144	1358.11397	8.65852	12348.1	16421.9	12453.8968991229	16283.4778325281
405/561	12348.2	16433.1	12310.4	16289.6	504.40945	3757.87012	348.44907	0.32012	1.18571	229.68408	7812.02197	2379	1	53	1	857.88	857.88	676.41662	11.38675	12348.2	16433.1	12453.2645683797	16287.6231507567
405/561	12299.9	16386.7	12262.2	16242.8	522.61005	11095.1582	386.40549	1.32636	1.25995	217.38824	17653.79688	2384	2	24	1	813.168	813.168	1997.12848	6.82375	12299.9	16386.7	12405.0878385858	16240.8133607712
405/561	12306	16404.6	12267.8	16257.9	486.60443	5147.85938	337.25781	0.21421	1.26273	243.31244	9979.31445	2416	2	21	1	851.4	851.4	926.61469	10.6709	12306	16404.6	12410.836767905	16255.8507048638
405/561	12345.7	16415.3	12306	16258.8	678.36865	10670.80762	379.95825	1.2982	1.20153	304.4996	18519.71484	2533	2	0	1	831.312	831.312	1920.74537	7.60598	12345.7	16415.3	12449.5812907284	16256.5216192023
405/561	12360.1	16386.3	12319.9	16226.3	545.0871	3829.32813	338.36731	0.61968	1.48039	343.16104	5402.40479	2580	1	28	1	819	819	689.27906	12.20887	12360.1	16386.3	12463.7000306659	16223.9295933383
405/561	12386.8	16367.8	12346.6	16207.4	547.53339	4300.83496	357.79242	0.43913	1.27065	296.73447	7180.88867	2584	1	43	1	835.2	835.2	774.15029	11.55843	12386.8	16367.8	12490.4186468308	16205.0217613499
405/561	12363.4	16375.7	12322.9	16213.6	631.6922	22151.65625	356.77615	0.33064	1.30371	267.05176	35729.35547	2607	5	19	1	830.664	830.664	3987.29812	4.85034	12363.4	16375.7	12466.825689779	16211.1767274165
405/561	12356.1	16412.7	12312.3	16237.9	477.36935	6934.29834	351.89114	0.09758	1.33955	299.17551	4063.33911	2790	2	21	1	828.72	828.72	1248.1737	9.56388	12356.1	16412.7	12457.0773793232	16235.118413946
405/561	12338.7	16378.1	12294.2	16201.6	549.0285	12568.51758	368.9176	0.52279	1.37298	283.66904	18267.99023	2818	3	10	1	809.28	809.28	2262.33316	7.06789	12338.7	16378.1	12439.1076924776	16198.7635900271
405/561	12371.8	16373.9	12326.9	16196.4	520.83588	4187.63965	361.98807	0.79608	1.17463	194.66168	6639.23242	2833	1	8	1	850.752	850.752	753.77514	10.54406	12371.8	16373.9	12471.8775030959	16193.5342200705
405/561	12298.8	16352.7	12253.7	16174.8	476.42963	10937.36523	359.69696	0.28568	1.36044	310.36478	18570.39453	2841	3	12	1	819	819	1968.72574	7.86573	12298.8	16352.7	12398.7147354257	16171.9185560936
405/561	12349.4	16446	12303.5	16266.3	310.04819	7708.91797	381.87088	1.19052	1.26184	296.06342	22792.375	2871	2	33	1	817.056	817.056	1387.60523	9.99717	12349.4	16446	12448.6543566625	16263.3598161804
405/561	12299.5	16460.9	12253.3	16280.6	568.95233	3372.69897	310.82138	1.2909	1.35538	292.53967	7214.25195	2881	1	9	1	853.992	853.992	607.08582	11.18104	12299.5	16460.9	12398.5008970747	16277.6402362094
405/561	12308.9	16391.3	12262.5	16210.3	664.33722	9043.38281	320.0239	1.42647	1.61005	352.67056	-20258.73242	2891	3	22	1	818.352	818.352	1627.80891	7.95205	12308.9	16391.3	12407.747437487	16207.3206562383
405/561	12325.3	16440.9	12278	16256.8	365.66888	5379.71582	310.59039	1.496	1.47458	208.34863	11939.07031	2931	3	11	1	839.736	839.736	968.34885	9.77387	12325.3	16440.9	12423.433599136	16253.7423363541
405/561	12311.2	16378.5	12261.8	16185.7	505.29385	8906.92383	381.71298	0.95241	1.34576	307.90021	15471.83984	3036	2	42	1	802.152	802.152	1603.24629	8.95278	12311.2	16378.5	12407.7222734647	16182.4367466579
405/561	12322.6	16405.2	12273.2	16212.2	545.15497	23135.85156	357.87689	0.41673	1.28143	231.28931	38992.35938	3039	5	8	1	833.256	833.256	4164.45328	4.50178	12322.6	16405.2	12419.1362355883	16208.9308726666
405/561	12400.6	16451.9	12350.9	16257.7	293.17728	2022.82825	335.33154	0.83971	1.54404	315.78677	5108.52686	3053	1	15	1	813.816	813.816	364.10908	20.37837	12400.6	16451.9	12496.9013921655	16254.4034607071
405/561	12335.9	16392.8	12285.9	16197.4	529.06421	3353.19702	321.39224	1.07799	1.44027	276.04941	4685.21191	3068	1	0	1	836.496	836.496	603.57546	11.64023	12335.9	16392.8	12431.9712027839	16194.0740907505
405/561	12307.5	16393.2	12257.5	16197.6	415.4567	10431.19922	323.67648	0.97032	1.42229	366.13385	20869.64453	3070	4	6	1	837.144	837.144	1877.61586	8.08577	12307.5	16393.2	12403.5805108663	16194.2701747563
405/561	12314.5	16403.4	12262.5	16200.3	409.75311	13181.94727	362.0257	0.5609	1.27507	275.32813	21069.06836	3267	3	7	1	831.312	831.312	2372.75051	6.51967	12314.5	16403.4	12409.4973569877	16196.5844493264
405/561	12327.7	16426.1	12274.5	16218.5	667.7597	10333.20508	352.2533	0.26557	1.26949	316.21539	16519.79102	3370	2	8	1	839.736	839.736	1859.97691	6.99077	12327.7	16426.1	12421.9767232339	16214.5827756245
405/561	12320.3	16449.7	12265.7	16236.4	592.30334	19769.95313	355.11353	0.29413	1.29708	314.05539	36004.29297	3476	5	2	1	832.608	832.608	3558.59156	5.58655	12320.3	16449.7	12413.6700516038	16232.2752279312
405/561	12337.8	16391.7	12279.5	16173.8	279.43878	2345.72583	369.87531	0.46672	1.40535	14.88393	5440.91357	3576	1	29	1	803.448	803.448	422.23065	10.16322	12337.8	16391.7	12427.9354557263	16169.4794282206
405/561	12348.3	16422.8	12286.8	16202.1	617.56372	11100.23633	345.13315	0.16272	1.20765	199.56738	20782.67969	3643	3	1	1	855.936	855.936	1998.04254	6.28037	12348.3	16422.8	12435.5472764884	16197.6482424145
405/561	12232.8	16310.5	12169.4	16088.1	321.97812	2984.52808	388.67331	1.23747	1.31246	339.65146	3856.58496	3681	1	20	1	801.504	801.504	537.21505	19.24902	12232.8	16310.5	12318.324130055	16083.5738385244
405/561	12334.6	16446.6	12270.1	16223.5	536.4046	3448.87573	323.70734	0.84348	1.35344	386.72705	7256.09668	3715	1	41	1	846.216	846.216	620.79763	12.92941	12334.6	16446.6	12419.1823674566	16218.9072666228
405/561	12327.7	16396.7	12263.1	16173.9	575.50964	4317.92188	349.6803	0.24677	1.46333	137.55179	8047.6416	3737	1	3	1	812.52	812.52	777.22594	8.92349	12327.7	16396.7	12412.2847563636	16169.2641906865
405/561	12320.9	16481.8	12250	16252.7	534.96552	11823.50586	334.0408	0.75381	1.48143	222.25063	21630.34375	4187	4	2	1	822.24	822.24	2128.23105	6.40824	12320.9	16481.8	12401.2790749149	16247.1830919887
405/561	12307	16441.2	12231.3	16205	514.58868	11123.61914	357.75534	0.16801	1.38588	261.59402	23052.39063	4309	3	11	1	816.408	816.408	2002.25145	7.23994	12307	16441.2	12383.1468679444	16199.2442163417
405/561	12349.4	16480	12273.5	16243.6	413.3172	2664.698	324.14722	1.02503	1.46032	312.25177	284001.40625	4317	1	8	1	831.96	831.96	479.64564	14.98307	12349.4	16480	12425.3841002742	16237.8285523649
405/561	12333.1	16424.3	12255.1	16185.6	476.47223	10822.19434	364.52084	0.25487	1.43033	252.13544	20467.24609	4421	3	0	1	804.744	804.744	1947.99498	7.54771	12333.1	16424.3	12407.4681205616	16179.6249206659
405/561	12421.8	16456.6	12342.9	16217	269.59262	2287.375	371.85593	0.66476	1.35036	224.11493	5357.67188	4465	1	35	1	809.928	809.928	411.7275	19.18256	12421.8	16456.6	12495.4728983755	16210.9387687932
405/561	12332.5	16440.8	12252.9	16200.4	676.70905	5440.27686	361.96747	0.29276	1.38519	326.1254	8675.21777	4501	1	8	1	813.168	813.168	979.24983	10.00121	12332.5	16440.8	12405.6404438597	16194.2682808974
405/561	12299.9	16489	12222.7	16250.8	359.49918	8044.26514	373.6554	0.79739	1.31939	217.53625	15426.60352	4557	3	9	1	813.816	813.816	1447.96772	9.61806	12299.9	16489	12375.7010701683	16244.5586330594
405/561	12298.7	16429	12225.4	16194.5	420.21094	4203.42432	322.62476	0.7684	1.29094	216.64813	7217.66992	4646	2	9	1	855.936	855.936	756.61638	11.29877	12298.7	16429	12378.8152798373	16188.084371317
405/561	12330.8	16508.5	12260.3	16276.6	377.36407	6744.89893	313.72311	1.46155	1.51573	225.636	13356.37891	4720	3	11	1	833.256	833.256	1214.08181	8.43166	12330.8	16508.5	12414.059678888	16270.0394795311
405/561	12309.2	16447.4	12239	16215.9	498.07208	12499.71484	323.77835	1.31052	1.60914	256.90619	24259.22461	4740	5	0	1	815.76	815.76	2249.94867	6.58451	12309.2	16447.4	12392.8527597125	16209.300319589
405/561	12342.6	16476.4	12272.8	16245.3	576.75452	24359.69531	362.07809	0.20459	1.4228	309.5838	40026.44531	4765	5	3	1	807.336	807.336	4384.74516	4.81922	12342.6	16476.4	12426.7691107431	16238.6513696613
405/561	12310.5	16481.8	12242.1	16252.1	687.07721	16144.03223	377.39832	1.107	1.24411	327.7514	29911.80859	4846	4	55	1	824.832	824.832	2905.9258	6.90846	12310.5	16481.8	12396.4460880824	16245.2927718957
405/561	12330.3	16508.5	12262.3	16279.3	756.68903	13392.15918	347.71051	0.14056	1.38865	330.13144	18868.16211	4866	3	6	1	824.184	824.184	2410.58865	6.39561	12330.3	16508.5	12416.7391689069	16272.4536119536
405/561	12299.5	16484.1	12232.1	16255.5	528.57483	8336.12988	364.05618	0.16912	1.4598	201.19196	16118.41406	4907	2	11	1	800.856	800.856	1500.50338	7.62442	12299.5	16484.1	12386.7299845971	16248.5733340722
405/561	12349.8	16485.6	12282.4	16257	480.41367	4211.51758	377.98248	1.46849	1.11177	209.05673	6491.16846	4947	1	2	1	853.992	853.992	758.07316	11.482	12349.8	16485.6	12437.2161462461	16249.995014188
405/561	12319.8	16475.2	12252.4	16246.6	497.97076	4317.13184	375.88568	1.0272	1.25715	241.78452	7548.90625	4991	1	5	1	823.536	823.536	777.08373	11.67762	12319.8	16475.2	12407.42092406	16239.5088623153
405/561	12347.5	16514.9	12280.1	16286.3	529.59821	3874.01636	345.27689	0.10853	1.23645	342.32379	5573.68018	4997	1	1	1	850.104	850.104	697.32294	12.49654	12347.5	16514.9	12435.1488483074	16279.1971143327
405/561	12346.8	16501.4	12279.4	16272.8	489.29843	9405.22461	366.53824	0.26457	1.44878	224.10754	15629.20313	5009	2	10	1	800.208	800.208	1692.94043	7.22746	12346.8	16501.4	12434.5046968021	16265.6736183674
405/561	12317.8	16461.7	12250.4	16233.1	503.58261	10023.97266	363.51956	0.15493	1.45964	225.54893	19271.75391	5037	3	1	1	801.504	801.504	1804.31508	7.71535	12317.8	16461.7	12405.6350099564	16225.9187944484
Bead Drift Correction	12341.6	16461.3	12341.6	16461.3	305.94998	2465.21704	362.37848	0.58304	1.75452	112.49569	4985.68115	102	1	30	1	803.808	803.808	443.73907	13.69172	12341.6	16461.3	12497.3702246973	16453.8936247812
405/561	12302.8	16629.1	12295.2	16615.7	181.14021	1475.00842	364.29214	0.24819	1.43039	262.22287	3860.59717	350	1	58	1	840.744	840.744	265.50152	29.25125	12302.8	16629.1	12452.1244269212	16607.8080414989
405/561	12366	16448.9	12358.5	16430.9	692.59656	5496.77832	359.64499	0.70613	1.78055	308.04791	8389.99512	388	1	5	1	803.808	803.808	989.4201	9.63879	12366	16448.9	12515.6012804877	16422.9336376089
405/561	12297.9	16525.4	12290.6	16502.7	847.23169	23940.10156	349.48553	0.66942	1.65213	314.2482	46676.94922	427	4	5	1	826.488	826.488	4309.21828	4.32664	12297.9	16525.4	12447.8827880955	16494.6572757217
405/561	12301	16563.8	12293.8	16536.7	806.74097	7289.89893	383.75473	0.41899	1.55506	361.29343	12227.92188	464	1	9	1	805.752	805.752	1312.18181	8.93756	12301	16563.8	12451.2549876208	16528.5848298288
405/561	12352.9	16453.1	12345.7	16417.9	522.19421	4789.96631	386.64307	1.19337	1.30853	201.57108	7323.05908	568	1	0	1	840.096	840.096	862.19394	10.61425	12352.9	16453.1	12503.6390079083	16409.5811981297
405/561	12380.9	16484.3	12373.6	16447.9	494.86551	3557.37646	342.27988	0.81575	1.62971	363.79147	7966.76172	589	1	35	1	834.912	834.912	640.32776	13.54245	12380.9	16484.3	12531.636742774	16439.5400801905
405/561	12346.2	16517.5	12338.6	16477.6	596.16003	8874.46387	348.24277	0.28518	1.46167	391.29819	18168.67773	653	2	0	1	849.816	849.816	1597.4035	8.3707	12346.2	16517.5	12496.9346014124	16469.1147683757
405/561	12362.6	16547.3	12354.8	16505.1	386.58319	9952.85352	330.02084	0.93865	1.51263	291.21359	26194.125	696	4	26	1	857.592	857.592	1791.51363	7.99233	12362.6	16547.3	12513.3347251851	16496.5305745002
405/561	12338.7	16459.7	12330.9	16414.2	465.3699	13007.45703	399.19214	1.13427	1.43401	232.50676	24206.04297	764	3	6	1	806.4	806.4	2341.34227	7.31893	12338.7	16459.7	12489.7511999884	16405.4974306969
405/561	12200.8	16133.6	12193	16086.5	402.0108	3360.83008	369.11734	0.63686	1.33054	194.15543	4412.63721	799	1	39	1	851.76	851.76	604.94941	12.97934	12200.8	16133.6	12352.0140914313	16077.7289007982
405/561	12331.7	16483.4	12324	16433.5	678.27435	6346.46191	390.50192	0.9847	1.4144	231.55431	10272.38379	856	1	4	1	818.064	818.064	1142.36314	8.98617	12331.7	16483.4	12483.2793717811	16424.6172949632
405/561	12191.1	16820.3	12183.3	16768.5	432.02863	9266.12695	390.23822	1.16498	1.35125	259.39191	18058.99414	894	2	53	1	829.08	829.08	1667.90285	8.47399	12191.1	16820.3	12342.7562253477	16759.5428910731
405/561	12362.6	16489.4	12354.5	16434.6	605.94611	5648.21729	389.76135	0.76339	1.48353	319.89856	6965.54785	944	1	25	1	808.992	808.992	1016.67911	10.87362	12362.6	16489.4	12514.188927409	16425.5449912178
405/561	12343.8	16488.9	12335.6	16433.6	510.98987	4275.68506	369.28082	0.43812	1.4101	199.26547	8009.06885	952	1	12	1	839.448	839.448	769.62331	10.77383	12343.8	16488.9	12495.3261597388	16424.529327241
405/561	12343.1	16503.6	12334.6	16446.9	340.76993	5634.12988	370.04434	0.02349	1.58068	242.99213	11823.44434	974	2	42	1	815.472	815.472	1014.14338	11.55806	12343.1	16503.6	12494.4285486457	16437.7862513046
405/561	12352.7	16494.9	12344.1	16437.6	732.36566	6989.50439	394.38397	1.41547	1.3043	190.46164	12636.26563	983	1	45	1	832.968	832.968	1258.11079	8.0444	12352.7	16494.9	12503.9704350167	16428.4686293307
405/561	12371.8	16485.4	12363.1	16427.8	889.31812	33617.78906	397.1051	1.23122	1.38686	284.46167	50611.4375	988	5	6	1	816.12	816.12	6051.20203	4.18588	12371.8	16485.4	12522.9937052229	16418.6588393451
405/561	12301.3	16581.6	12292.4	16522.3	442.87665	6324.98145	389.10187	0.86587	1.44304	267.00912	11480.3877	1015	2	35	1	815.472	815.472	1138.49666	11.80199	12301.3	16581.6	12452.419364336	16513.1059734233
405/561	12359.1	16554.9	12350	16494.5	379.33701	2605.14355	334.55173	1.12616	1.67708	106.7262	7735.05957	1031	1	46	1	836.208	836.208	468.92584	11.45802	12359.1	16554.9	12510.0938289956	16485.2746454696
405/561	12352.9	16513.8	12343.7	16453.2	693.79547	6416.92773	388.24683	1.08388	1.36107	339.30878	9968.86426	1035	1	5	1	829.08	829.08	1155.04699	9.91023	12352.9	16513.8	12503.8124451605	16443.9668134812
405/561	12301.8	16514.5	12290.2	16447.6	770.11102	12520.02051	391.32043	1.21026	1.34555	229.78947	22303.24023	1147	3	1	1	829.08	829.08	2253.60369	7.28303	12301.8	16514.5	12450.8336977777	16438.1475178053
405/561	12346.2	16545.9	12333.9	16478.2	917.86951	11933.17578	394.06296	1.03151	1.42791	255.87207	18041.96484	1165	2	22	1	812.88	812.88	2147.97164	6.96909	12346.2	16545.9	12494.6174705197	16468.7122738574
405/561	12366.1	16517.5	12351.6	16447.3	372.80746	3129.52905	369.87695	0.64492	1.33602	243.73419	6927.83887	1221	1	33	1	850.464	850.464	563.31523	14.93573	12366.1	16517.5	12512.5780968284	16437.7026260194
Bead Drift Correction	12231.4	16388.1	12213.4	16313.4	311.2345	2486.66772	360.84863	0.18148	1.56878	199.13426	3641.06787	1314	1	18	1	825.84	825.84	447.60019	16.22905	12231.4	16388.1	12374.8109226623	16303.6205322885
405/561	12378	16474.7	12359.1	16398.2	823.19336	7232.21582	378.3945	1.08073	1.26487	210.24551	11910.8916	1340	1	48	1	855.648	855.648	1301.79885	7.56243	12378	16474.7	12520.6319277342	16388.3696243638
405/561	12334	16498.8	12314.2	16420.2	732.71893	6001.07666	365.34732	0.10036	1.50177	333.61871	11112.17578	1369	1	21	1	829.728	829.728	1080.1938	9.437	12334	16498.8	12475.8668949297	16410.3128424477
405/561	12437.7	16613	12416.8	16532.1	388.6178	2667.06616	334.43799	0.82341	1.52249	175.65489	6497.05518	1401	1	15	1	853.056	853.056	480.07191	12.95611	12437.7	16613	12578.6158242489	16522.1501865403
405/561	12350.9	16529.5	12327.9	16443.9	577.05615	10657.03027	390.06912	0.82962	1.46342	280.2229	15603.74219	1468	2	24	1	811.584	811.584	1918.26545	7.73528	12350.9	16529.5	12490.027645011	16433.8190007342
405/561	12354.5	16467.3	12330.2	16379.1	485.18762	12976.48926	342.12323	0.88998	1.66332	274.71011	28647.22656	1513	4	46	1	831.024	831.024	2335.76807	6.624	12354.5	16467.3	12492.5370768661	16368.9308908644
405/561	12381.3	16442.1	12356	16353.1	451.11469	3634.13599	362.34073	0.51528	1.72527	284.45181	7614.14697	1587	1	11	1	807.048	807.048	654.14448	13.41003	12381.3	16442.1	12518.6814759168	16342.7859990785
405/561	12400.4	16481.5	12374.6	16392	340.15347	6520.99609	335.32974	1.09782	1.6737	424.35571	11965.34668	1627	2	44	1	836.208	836.208	1173.7793	10.56791	12400.4	16481.5	12537.4676375658	16381.6076791943
405/561	12401.1	16460.8	12375.2	16371.3	671.14545	7495.52246	344.23743	0.66345	1.58323	302.92105	14129.65137	1636	2	31	1	838.152	838.152	1349.19404	8.66537	12401.1	16460.8	12538.1095239368	16360.8900572203
405/561	12304.5	16544.5	12277	16449.4	914.81372	17141.07617	391.55386	0.67207	1.52885	244.92596	24338.01563	1783	2	4	1	800.568	800.568	3085.39371	5.14347	12304.5	16544.5	12440.5936679969	16438.7022316457
405/561	12320.6	16575.4	12293	16479.3	721.75415	13058.99219	370.35452	0.31363	1.46993	247.59496	25967.83594	1800	3	28	1	829.728	829.728	2350.61859	6.58729	12320.6	16575.4	12456.6727866978	16468.5689456949
405/561	12342.3	16508.3	12313.3	16404.7	621.89081	5212.16504	369.58304	0.19589	1.66329	233.09285	19020.72852	1919	1	18	1	806.4	806.4	938.18971	9.65245	12342.3	16508.3	12477.5266176036	16393.7359440393
405/561	12319.1	16453.3	12289.4	16348.4	838.06244	13859.20313	357.53934	0.14943	1.51791	327.4162	14931.09766	1935	2	5	1	834.912	834.912	2494.65656	5.7125	12319.1	16453.3	12453.7010822632	16337.4046160856
405/561	12350.2	16500.1	12320.3	16394.5	542.26074	3777.57275	336.9476	0.81187	1.5539	51.11514	7717.18945	1943	1	15	1	847.224	847.224	679.9631	7.78451	12350.2	16500.1	12484.638314593	16383.4889521087
405/561	12331.9	16508.7	12300.9	16400.8	751.54559	24599.11328	376.56284	0.28044	1.54306	258.84186	47150.93359	1970	5	10	1	814.176	814.176	4427.84039	4.80921	12331.9	16508.7	12465.3639737061	16389.7360861869
405/561	12397	16494.3	12364.7	16383.5	681.38336	21239.34375	360.78015	0.11597	1.44431	292.90399	38501.62109	2006	5	10	1	841.392	841.392	3823.08187	5.27207	12397	16494.3	12529.3315191902	16372.365598291
405/561	12348.9	16513	12314.9	16398.5	490.06631	3915.73218	360.86029	0.17851	1.41919	317.67422	7813.67725	2050	1	25	1	845.28	845.28	704.83179	12.99313	12348.9	16513	12479.7362970041	16387.2794464184
405/561	12357.1	16435.3	12321.1	16311.7	558.10254	6972.69678	349.94662	0.71813	1.67995	199.02817	18614.80273	2155	2	28	1	822.6	822.6	1255.08542	8.23981	12357.1	16435.3	12486.4249713327	16300.2738567222
405/561	12366.7	16468.5	12330.5	16343.2	452.65118	8736.53906	368.05414	0.1934	1.49323	265.11044	15789.90527	2175	2	16	1	828.432	828.432	1572.57703	8.14184	12366.7	16468.5	12495.9180521572	16331.7346967801
405/561	12328	16488.6	12291.7	16359	546.31067	4507.94727	366.71579	0.04472	1.53856	298.72723	6602.39209	2222	1	32	1	823.896	823.896	811.43051	11.60035	12328	16488.6	12457.3367920948	16347.4426709161
405/561	12359.5	16459.4	12323.1	16329.2	485.7756	3918.00317	362.55557	0.20256	1.59601	223.65382	5580.58203	2228	1	1	1	820.656	820.656	705.24057	11.63282	12359.5	16459.4	12488.7647163422	16317.6309229335
405/561	12290.3	16543.5	12252.5	16399.4	565.02582	9683.02832	393.49048	1.13551	1.38889	261.08801	16774.22852	2386	2	13	1	819.36	819.36	1742.9451	8.29981	12290.3	16543.5	12418.9000548558	16387.5215593907
405/561	12394.2	16520.1	12353	16353	428.05771	3580.23779	369.20267	0.34394	1.71962	311.50311	7138.69873	2672	1	28	1	801.216	801.216	644.4428	14.48837	12394.2	16520.1	12520.7311106462	16340.5615722183
405/561	12330.4	16479.6	12289.1	16312.1	442.17712	11447.82031	386.97531	0.85553	1.42846	310.14835	19670.04688	2678	3	41	1	820.008	820.008	2060.60766	8.56773	12330.4	16479.6	12456.8590348936	16299.6498242357
405/561	12358	16527.2	12314.8	16354	488.45673	8664.33008	385.78696	0.95347	1.38387	298.57953	14527.19531	2763	2	14	1	827.784	827.784	1559.57941	9.23102	12358	16527.2	12482.9546283977	16341.3833944817
405/561	12296.4	16520.9	12252.6	16346.1	566.20978	7088.06348	392.47314	1.43498	1.28077	287.09995	11900.05371	2791	2	19	1	839.448	839.448	1275.85143	11.14331	12296.4	16520.9	12420.884941552	16333.4285705627
405/561	12367.3	16480	12322.4	16302.6	368.33771	2336.74634	321.54572	1.39167	1.61656	206.89758	6514.06982	2833	1	35	1	852.408	852.408	420.61434	14.2975	12367.3	16480	12490.8804112835	16289.8463346842
405/561	12380	16482.8	12332.2	16296.2	1451.65381	12134.83105	369.10114	0.10256	1.53997	360.60605	14615.95215	2961	1	67	1	821.304	821.304	2184.26959	5.66065	12380	16482.8	12501.2761285603	16283.1957110546
405/561	12354.4	16396.5	12305.9	16207.4	2473.51123	19555.57031	358.95364	0.21188	1.3822	620.83765	24900.03906	2992	1	0	1	852.408	852.408	3520.00266	4.35117	12354.4	16396.5	12475.1204038383	16194.3350131444
Bead Drift Correction	12260.8	16606.2	12211.6	16413.8	349.44699	2867.45654	365.694	0.32359	1.41584	120.07485	5245.02002	3031	1	10	1	841.392	841.392	516.14218	12.56273	12260.8	16606.2	12381.0019114461	16400.6586512572
405/561	12402.6	16501.6	12352.5	16305.8	614.84674	5419.37744	379.01056	1.13511	1.25147	396.30078	7494.80518	3073	1	5	1	857.592	857.592	975.48794	11.56693	12402.6	16501.6	12522.0973811775	16292.5764153787
405/561	12320.6	16513	12270.4	16316.8	793.04858	29626.7168	382.78247	1.26111	1.24597	316.92825	42142.42578	3077	3	51	1	855.648	855.648	5332.80902	3.89693	12320.6	16513	12440.0159973424	16303.5685833903
405/561	12342.1	16528.3	12291.4	16330	733.56635	21379.0625	368.41595	0.58528	1.34278	422.7854	34139.50781	3105	3	6	1	850.464	850.464	3848.23125	5.1746	12342.1	16528.3	12461.1463104967	16316.7137594714
405/561	12338.3	16551	12286.7	16349.4	607.55792	10683.45801	356.37372	0.12024	1.38889	326.53833	16075.42969	3218	2	52	1	853.056	853.056	1923.02244	7.00286	12338.3	16551	12456.9722171552	16335.8925057984
405/561	12302.6	16586.2	12250.8	16384	533.4635	32757.71875	368.16467	0.27436	1.68162	364.04626	61264.16016	3236	5	7	1	805.752	805.752	5896.38937	4.08884	12302.6	16586.2	12421.1559898972	16370.4572618504
405/561	12346.7	16429.8	12294.9	16227.4	2618.81787	38153.90625	347.40347	0.48714	1.54269	480.61771	52756.12109	3242	2	17	1	840.096	840.096	6867.70313	2.8246	12346.7	16429.8	12465.2839141446	16213.8455138678
405/561	12297.1	16598.2	12245.2	16395.4	715.86774	6700.15771	390.55856	0.70323	1.51047	376.0426	11981.50488	3257	1	6	1	804.456	804.456	1206.02839	9.987	12297.1	16598.2	12415.653724763	16381.8161439112
405/561	12311.2	16509.3	12259	16306	430.39859	19746.11328	397.10306	1.13417	1.4182	382.40494	19741.27344	3278	4	68	1	810.936	810.936	3554.30039	6.70091	12311.2	16509.3	12429.5514596287	16292.375025972
405/561	12272.7	16677	12219.9	16471	713.16974	5396.51904	351.17245	0.32858	1.51905	445.664	9237.62695	3337	1	68	1	840.096	840.096	971.37343	10.63803	12272.7	16677	12390.726048061	16457.2595041427
405/561	12337.8	16515.5	12284.5	16307.6	994.28265	16170.3457	385.87549	0.49654	1.54486	376.95166	23246.30273	3374	2	0	1	804.456	804.456	2910.66223	5.94008	12337.8	16515.5	12455.4982475863	16293.7870582498
405/561	12324.8	16506.3	12271.1	16296.7	958.30957	7779.63965	363.73648	0.4246	1.70083	446.272	11688.50684	3408	1	5	1	808.344	808.344	1400.33514	8.31171	12324.8	16506.3	12442.256484988	16282.8204863482
405/561	12299.2	16528.3	12244.3	16313.6	623.65277	16821.82813	362.10034	0.31203	1.3789	373.54181	31974.56641	3503	4	10	1	849.816	849.816	3027.92906	6.51412	12299.2	16528.3	12415.8986189044	16299.5344766231
405/561	12317.7	16529	12261.9	16313.4	618.43695	4474.28369	343.37927	0.40324	1.44926	443.79517	7060.76611	3523	1	14	1	855	855	805.37106	12.00722	12317.7	16529	12433.5916997289	16299.295316681
405/561	12312.8	16513.2	12247.8	16291.5	704.85309	6406.89258	384.88809	0.69129	1.46773	447.59894	11841.12305	3802	1	14	1	816.12	816.12	1153.24066	10.74378	12312.8	16513.2	12420.7901772307	16276.8490354883
405/561	12339	16552.3	12273.5	16331.8	784.20288	5752.6377	345.76364	0.94719	1.73665	337.85034	12059.95508	3873	1	12	1	820.656	820.656	1035.47479	8.97779	12339	16552.3	12446.8206141577	16317.0100176938
405/561	12482.5	16698.6	12416.8	16478.4	311.02722	2335.53149	349.8273	0.51743	1.58714	484.16037	4971.48389	3897	1	60	1	832.968	832.968	420.39567	23.0306	12482.5	16698.6	12590.2323111471	16463.5630257633
405/561	12276.3	16736	12210.3	16515.3	224.90756	2001.3623	380.82098	0.25886	1.5887	330.5947	5691.4126	3932	1	60	1	804.456	804.456	360.24521	26.41098	12276.3	16736	12383.89520259	16500.3944958645
405/561	12426.7	16388.1	12360.2	16166.2	514.04639	3771.01465	345.77054	1.34102	1.92711	270.19998	9866.79883	3997	1	16	1	803.808	803.808	678.78264	11.81687	12426.7	16388.1	12534.0977152697	16151.1672260526
405/561	12317.2	16468	12244.2	16235.7	389.83173	3656.88477	391.00027	1.09162	1.38259	408.98621	7822.83008	4238	1	13	1	822.6	822.6	658.23926	17.45445	12317.2	16468	12419.2193392049	16220.19534875
405/561	12302	16482.1	12228.2	16248.7	814.12286	5804.48242	340.87631	1.19864	1.79826	183.13477	8696.19629	4258	1	46	1	819.36	819.36	1044.80684	7.40472	12302	16482.1	12403.3124200295	16233.1561888079
405/561	12266.9	16552.8	12191.7	16317.2	563.01941	4479.31689	360.08435	0.35334	1.63312	16.821	12822.89551	4292	1	8	1	818.712	818.712	806.27704	6.90273	12266.9	16552.8	12366.9706574311	16301.5896169063
405/561	12263.6	16442.8	12187.1	16205.7	727.2984	6668.33447	386.556	1.12939	1.32987	359.66745	12598.88867	4345	1	2	1	836.208	836.208	1200.30021	9.7151	12263.6	16442.8	12362.617321616	16189.9858430597
405/561	12265.5	16512.2	12188.4	16274.5	769.2323	25580.04688	395.34064	0.83673	1.50215	327.10699	46725.07813	4376	4	18	1	800.568	800.568	4604.40844	5.05754	12265.5	16512.2	12364.061596894	16258.7251451494
405/561	12282.4	16543.4	12208.3	16308.1	655.04327	5095.3252	356.05002	0.55687	1.67727	265.05396	9162.33203	4626	1	16	1	817.416	817.416	917.15854	9.63007	12282.4	16543.4	12385.1251072003	16291.8356458728
405/561	12239.8	16540.7	12166.3	16306	866.89526	7606.57178	378.15619	0.13734	1.61117	419.93701	-3157.93701	4641	1	4	1	804.456	804.456	1369.18292	8.84291	12239.8	16540.7	12343.1949178187	16289.7062759163
405/561	12194.2	16565.8	12125.1	16335.3	1201.13513	37145.61328	404.31821	1.32523	1.41127	305.55588	55056.8125	4802	5	9	1	804.456	804.456	6686.21039	4.06262	12194.2	16565.8	12302.744218456	16318.6910383822
405/561	12269.2	16560.4	12200.4	16330.3	422.52817	3693.83008	377.45978	0.58555	1.4378	326.03986	7351.25928	4821	1	35	1	827.784	827.784	664.88941	14.89683	12269.2	16560.4	12378.1326452393	16313.6538364371
405/561	12251.7	16445.7	12184.3	16217.1	534.57837	28547.38281	389.17569	0.83686	1.45359	345.0708	51364.44531	4986	5	6	1	813.528	813.528	5138.52891	4.93129	12251.7	16445.7	12362.8005620414	16200.1307669146
405/561	12252.5	16421.3	12185.1	16192.7	702.37616	22478.58398	390.39206	1.21677	1.33514	359.68573	43788.21484	4992	4	2	1	831.672	831.672	4046.14512	5.69736	12252.5	16421.3	12363.6284862888	16175.719018932
405/561	12244.9	16369.4	12177.4	16140.8	594.68304	3849.13306	324.78708	1.14442	1.5358	688.81543	8430.06641	5019	1	2	1	858.888	858.888	692.84395	14.73987	12244.9	16369.4	12356.0541454019	16123.7661530101
405/561	12192	16392.4	12192	16392.4	1200.32349	11591.66602	396.71976	0.10567	1.7589	442.46301	23776.53516	5	1	41	1	805.464	805.464	2086.49988	6.90285	12192	16392.4	12595.821690886	16400.2956651143
405/561	12021.7	16613.4	12021.7	16613.4	506.09863	15438.75879	414.5867	1.29197	1.48717	624.59363	28021.97461	34	2	58	1	817.128	817.128	2778.97658	8.30313	12021.7	16613.4	12425.6566580815	16621.2388831982
405/561	12140.7	16189.5	12140.7	16189.5	984.07684	8310.16309	370.97986	0.4457	1.77685	339.33392	13869.92969	61	1	18	1	829.44	829.44	1495.82936	7.49083	12140.7	16189.5	12544.7823171946	16197.2860172763
405/561	12107.8	16408.2	12107.8	16408.2	1017.67194	17644.44141	390.56512	0.21263	1.68085	397.69547	35516.07813	78	2	16	1	819.72	819.72	3175.99945	5.73739	12107.8	16408.2	12511.9614358954	16415.9527313255
405/561	12101.5	16385.6	12100.6	16384.8	752.80035	27818.75781	403.09351	0.79698	1.56861	397.5791	52372.03906	124	3	17	1	819.072	819.072	5007.37641	4.73191	12101.5	16385.6	12504.9755217918	16392.4626634587
405/561	12185.7	16419.8	12184.5	16418.6	650.78925	5817.75928	381.69611	0.3176	1.81225	324.61865	10916.89258	133	1	52	1	815.832	815.832	1047.19667	10.30171	12185.7	16419.8	12588.9174081628	16426.2450414847
405/561	12063.4	16553.4	12061.2	16551.2	528.07764	4580.11328	375.96661	0.03803	1.62999	414.71011	11546.69141	158	1	19	1	840.456	840.456	824.42039	13.41354	12063.4	16553.4	12465.7337591934	16558.796091557
405/561	12147.4	16409.7	12144	16406.3	945.0733	9936.52246	413.94678	1.35022	1.46638	377.34036	9778.13379	190	1	66	1	821.016	821.016	1788.57404	7.95899	12147.4	16409.7	12548.6826885127	16413.8334356496
405/561	12138.3	16355.8	12134.7	16352.2	444.43451	4430.77441	403.08441	1.27495	1.41805	308.70938	6923.04736	196	1	24	1	840.456	840.456	797.53939	13.96172	12138.3	16355.8	12539.41061276	16359.721687667
405/561	12067.7	16543.1	12061.5	16536.9	898.74896	9487.26855	414.77393	1.266	1.49586	397.87247	16132.95703	261	1	34	1	815.832	815.832	1707.70834	8.42464	12067.7	16543.1	12466.5131254396	16544.2944178551
405/561	12117.8	16552	12110.1	16541.6	460.98807	4395.11768	394.18533	0.05495	1.76096	214.04507	10086.12109	324	1	37	1	808.056	808.056	791.12118	11.95304	12117.8	16552	12515.4063300368	16548.8710640374
405/561	12072.6	16630.2	12064.9	16617.5	404.86557	9668.23047	385.02869	0.53184	1.9181	399.31525	22055.92969	344	2	15	1	803.52	803.52	1740.28148	9.29766	12072.6	16630.2	12470.2994108613	16624.7319040953
405/561	12093.2	16392.8	12085.9	16369	633.86432	4365.40576	335.02267	1.4685	1.85989	474.64481	8042.57715	436	1	25	1	854.712	854.712	785.77304	12.05182	12093.2	16392.8	12491.7275826541	16376.0517683615
405/561	12051.5	16199.3	12044.3	16171.3	505.66541	5336.77686	414.73239	1.23786	1.50386	279.93549	9399.86621	472	1	38	1	814.536	814.536	960.61983	12.08219	12051.5	16199.3	12450.2951281382	16178.2812804657
405/561	12119.4	16414.5	12112.3	16385.7	626.65326	6142.50586	399.68622	0.46695	1.65455	364.82245	11705.93066	479	1	48	1	813.24	813.24	1105.65105	11.0479	12119.4	16414.5	12518.3277064267	16392.667574486
405/561	12043.4	16360.2	12036.4	16328	821.95837	8278.4541	405.14432	0.7293	1.60295	141.50482	16327.14063	512	1	39	1	813.24	813.24	1490.12174	6.92162	12043.4	16360.2	12442.5812897872	16334.9029605815
405/561	12037.4	16464.8	12030.4	16432.5	516.02728	20296.38281	389.52313	0.43091	1.59659	316.1131	46146.33594	514	4	7	1	830.736	830.736	3653.34891	5.91808	12037.4	16464.8	12436.5905978696	16439.3990445872
405/561	12088.7	16183.4	12081.5	16148.6	530.92792	4173.04639	357.90591	1.25865	2.01245	377.62308	8274.08398	560	1	11	1	822.312	822.312	751.14835	12.90769	12088.7	16183.4	12487.904683766	16155.4089767204
405/561	12053.1	16475	12045.7	16438	905.04242	16907.62109	411.81799	0.69773	1.65066	217.24429	24686.22656	600	2	20	1	800.28	800.28	3043.3718	5.43276	12053.1	16475	12452.290845415	16444.7306568361
405/561	12053.1	16261.4	12045.4	16221.2	582.4696	6179.25781	415.80682	1.4787	1.44015	313.81531	9602.30762	660	1	53	1	822.312	822.312	1112.26641	11.15429	12053.1	16261.4	12452.2700878885	16227.8131770097
405/561	12097.3	16457	12089.6	16416.1	679.64618	5909.38379	376.43475	0.39632	1.49838	349.65201	8902.68945	673	1	61	1	856.008	856.008	1063.68908	10.18611	12097.3	16457	12496.5305904245	16422.6877230474
405/561	12065.3	16352.2	12057.6	16310.9	919.17273	14934.26855	385.91852	0.21628	1.64541	433.52911	23384.35938	680	2	17	1	828.792	828.792	2688.16834	6.63332	12065.3	16352.2	12464.563168713	16317.4740170676
405/561	12127.3	16469.5	12119.6	16423.5	529.33887	4591.646	375.99094	0.31316	1.52545	430.88721	2582.43872	773	1	18	1	852.768	852.768	826.49628	13.57921	12127.3	16469.5	12526.995994547	16429.8919233367
405/561	12063.2	16382.5	12055.5	16335.9	745.1955	13318.33203	387.1709	0.09516	1.6986	349.52057	26640.57031	786	2	47	1	821.664	821.664	2397.29977	6.83154	12063.2	16382.5	12462.9564970829	16342.2664693744
405/561	11994	16519.5	11986.2	16469	1731.00659	18831.27734	421.06638	1.32235	1.51382	554.26129	25094.45703	869	1	21	1	806.112	806.112	3389.62992	5.51652	11994	16519.5	12394.0427825046	16475.2039556145
Bead Drift Correction	12138.8	16078.2	12131.1	16025.6	339.39444	3100.85425	385.87653	0.18214	1.79103	201.08128	5520.94922	910	1	13	1	813.24	813.24	558.15376	15.11176	12138.8	16078.2	12539.1335981948	16031.7236777332
405/561	12039.7	16252.2	12031.2	16195.3	601.46283	4728.11865	357.93143	1.16702	1.97038	610.26776	8229.9502	977	1	44	1	825.552	825.552	851.06136	13.88095	12039.7	16252.2	12439.5454189569	16201.2924919271
405/561	12035.9	16350	12026.7	16288.8	812.56689	17744.67969	388.22296	0.15456	1.68478	405.19272	28650.51953	1045	3	16	1	821.664	821.664	3194.04234	6.50533	12035.9	16350	12435.3618937602	16294.6593481239
405/561	11929.2	16566.2	11916.7	16498.2	590.48938	11378.6416	392.19412	0.93908	1.44368	436.25964	18963.65625	1172	2	64	1	848.232	848.232	2048.15549	8.60794	11929.2	16566.2	12325.9529569959	16503.8106824914
405/561	12075.3	16320.2	12062.5	16251.9	744.0813	7426.21338	403.30496	0.6647	1.61237	285.07141	15184.19238	1179	1	62	1	813.888	813.888	1336.71841	8.86423	12075.3	16320.2	12471.7855352844	16257.4969765116
405/561	12045.3	16429.6	12032.4	16361.2	957.76941	9858.2002	409.57022	0.82009	1.60042	688.48828	21220.79883	1181	1	34	1	808.056	808.056	1774.47604	9.6282	12045.3	16429.6	12441.6948433669	16366.7930605174
405/561	12038.8	16342.7	12016.3	16258.1	723.09747	13986.25684	371.24969	0.51372	1.80692	492.21713	19161.20703	1454	3	100	1	826.848	826.848	2517.52623	7.95941	12038.8	16342.7	12426.8653966214	16263.1585273074
405/561	12079.7	16480.6	12055.4	16392.4	1007.354	19247.92969	390.91968	0.16876	1.8201	469.60742	30455.875	1513	2	41	1	805.464	805.464	3464.62734	5.63897	12079.7	16480.6	12466.2399850537	16397.3430054782
405/561	12060.7	16423.7	12035.3	16334.6	688.05591	17717.87305	353.94028	0.64919	1.69477	417.05945	38192.79297	1596	3	73	1	854.064	854.064	3189.21715	5.63764	12060.7	16423.7	12446.5262704754	16339.3804917183
405/561	12027.8	16348.8	12002.3	16259.6	763.04492	15046.16797	379.01508	0.20655	1.59262	371.62497	21760.9043	1605	2	82	1	841.752	841.752	2708.31023	6.09203	12027.8	16348.8	12413.5681568464	16264.3628697444
405/561	12043.3	16325.2	12017.4	16235.7	1147.13745	9503.27246	367.44208	0.40667	1.72902	512.58911	11753.11523	1630	1	15	1	837.864	837.864	1710.58904	7.49678	12043.3	16325.2	12428.784507877	16240.4139198167
405/561	12059.7	16480.4	12033.6	16390.7	620.46991	20045.76758	380.70761	0.1993	1.60972	407.98682	35307.375	1649	3	76	1	837.864	837.864	3608.23816	5.69359	12059.7	16480.4	12445.0729346603	16395.3767178717
405/561	12017.9	16459.3	11991.8	16369.6	830.14014	31445.86523	400.96927	1.37959	1.36969	475.30795	49438.19922	1653	3	17	1	850.824	850.824	5660.25574	4.49086	12017.9	16459.3	12403.2915508252	16374.2688858833
405/561	12060	16364.5	12032.8	16271.9	909.15808	6817.34277	349.58109	0.89706	1.75828	528.91388	13091.8584	1740	1	52	1	851.472	851.472	1227.1217	9.19221	12060	16364.5	12444.6964524118	16276.3985401351
405/561	12111	16296.9	12083.8	16203.8	922.31036	7460.17432	363.07471	1.15156	2.00993	401.45435	15098.29004	1748	1	0	1	817.776	817.776	1342.83138	8.29486	12111	16296.9	12495.7336847416	16208.2828761582
405/561	12079.1	16297.3	12051.8	16203.6	612.4635	5506.75098	382.79623	0.34899	1.57234	492.61087	9718.75977	1760	1	53	1	840.456	840.456	991.21518	12.56415	12079.1	16297.3	12463.7895332363	16208.0593801929
405/561	11990.1	16570.4	11962.7	16475.7	629.30518	10404.50977	395.13828	0.09867	1.75161	419.55014	21889.38281	1775	2	19	1	807.408	807.408	1872.81176	9.29035	11990.1	16570.4	12374.7593438547	16480.1300102363
405/561	11985.4	16299	11957.5	16200.8	973.37421	8711.80469	381.92157	0.42456	1.85514	391.63702	15203.10352	1835	1	18	1	811.944	811.944	1568.12484	7.8735	11985.4	16299	12369.8385863282	16205.11253041
405/561	12082.4	16433.4	12054.1	16332.5	533.10077	4248.75	360.401	1.21544	2.01533	598.4657	8879.59766	1881	1	8	1	819.72	819.72	764.775	15.35138	12082.4	16433.4	12466.6526722246	16336.7224625431
405/561	12057.4	16483.4	12028.6	16380.3	564.30914	4739.44922	369.96909	0.77258	1.9035	331.46445	-537857	1913	1	64	1	819.072	819.072	853.10086	11.69328	12057.4	16483.4	12441.3016015438	16384.4598066357
405/561	12014	16299.5	11984.4	16194.7	776.65332	41481.09766	411.55328	0.96868	1.56612	346.89752	58883.03516	1934	4	3	1	810	810	7466.59758	3.71925	12014	16299.5	12397.1993364095	16198.8186886965
405/561	12011.9	16402.3	11980.8	16294.1	991.39581	19289.26172	413.1792	1.48703	1.42175	333.22455	31311.85938	1975	2	82	1	828.792	828.792	3472.06711	5.53881	12011.9	16402.3	12393.7901520997	16298.1384108151
Bead Drift Correction	12015.4	16431.3	11982.6	16319.3	585.55688	5564.44629	393.53781	1.14245	1.38699	231.75377	6448.93848	2021	1	59	1	855.36	855.36	1001.60033	10.09476	12015.4	16431.3	12395.8042379961	16323.2483429482
405/561	12002.3	16413.1	11967.3	16296.1	1251.77881	13037.8291	412.00162	1.37312	1.44784	412.31891	18820.12305	2080	1	8	1	826.2	826.2	2346.80924	6.54104	12002.3	16413.1	12380.7788264284	16299.932821119
405/561	12166.6	16203	12130.3	16076.2	969.70386	8310.44238	373.72534	0.84074	1.96191	333.30051	12989.99316	2190	1	77	1	810.648	810.648	1495.87963	7.53787	12166.6	16203	12544.2907709632	16079.8174414373
405/561	11997.9	16376	11961.5	16246.1	1545.79712	16419.0332	416.06155	1.25061	1.50763	218.09348	22491.24023	2225	1	7	1	812.592	812.592	2955.42598	4.85985	11997.9	16376	12375.653662406	16249.6489115386
405/561	12072.4	16358.6	12035.8	16224.6	1582.47681	47723.16406	400.40598	0.57571	1.62313	341.94641	75050.86719	2271	3	3	1	815.832	815.832	8590.16953	2.97587	12072.4	16358.6	12450.1677483024	16228.0588436717
405/561	12099.5	16654.4	12062.8	16518.9	573.35388	4435.26758	355.06558	1.03914	1.88345	412.87003	9319.42285	2287	1	35	1	835.272	835.272	798.34816	12.47867	12099.5	16654.4	12477.242212962	16522.327515718
405/561	12082.3	16400.3	12044.5	16256	1149.27283	36145.82031	386.01199	0.54974	1.93146	412.75595	57734.35156	2389	4	18	1	800.928	800.928	6506.24766	3.95033	12082.3	16400.3	12459.416925167	16259.2278000131
405/561	12034.3	16396.6	11996.2	16250.3	860.9549	35376.27344	397.13962	0.4256	1.65201	477.03033	54155.65625	2412	4	63	1	815.832	815.832	6367.72922	4.409	12034.3	16396.6	12411.2239681152	16253.4827660797
405/561	12057.1	16366.8	12018.8	16219.5	608.54089	27717.13281	355.46851	0.93586	1.8404	469.6214	52496.61719	2424	4	59	1	838.512	838.512	4989.08391	4.47776	12057.1	16366.8	12433.8798166099	16222.6592701144
405/561	11991.5	16425.9	11952.8	16276	313.07767	13151.05859	381.10925	0.16105	1.62725	316.60089	27266.57031	2454	3	77	1	835.272	835.272	2367.19055	7.46202	11991.5	16425.9	12368.0194378466	16279.1005302012
Bead Drift Correction	12060.4	16382.6	12020.8	16226.7	340.17749	2989.15405	378.42639	0.14562	1.72085	169.98228	4424.85547	2526	1	20	1	828.144	828.144	538.04773	14.25931	12060.4	16382.6	12436.3545288148	16229.6595544096
405/561	12044	16406.3	12004.3	16249.5	716.5545	5937.2876	367.47644	0.30071	1.68587	493.19189	10817.60059	2537	1	73	1	842.4	842.4	1068.71177	10.97457	12044	16406.3	12419.9057232683	16252.4380164414
405/561	12031.6	16512.6	11987.7	16337.6	1574.78357	14510.5127	387.51721	0.04579	1.71897	353.02686	-41161.63672	2793	1	8	1	819.072	819.072	2611.89229	5.2974	12031.6	16512.6	12404.497157822	16340.0367691822
405/561	12044.4	16414	11999.9	16237.7	535.02258	17512.87109	395.39667	0.67604	1.55599	344.06433	27668.46094	2816	2	27	1	829.44	829.44	3152.3168	5.63425	12044.4	16414	12416.8042007702	16240.0917352488
405/561	12063.5	16389.6	12017.7	16210.2	535.82068	13971.55859	404.11435	0.83121	1.5642	327.66876	8057837	2866	2	33	1	819.072	819.072	2514.88055	6.89665	12063.5	16389.6	12434.8369028314	16212.4938353935
405/561	12095	16484.1	12047.8	16300	1035.38745	17845.47656	388.94119	0.32705	1.62869	403.69989	-43813.63281	2931	2	8	1	827.496	827.496	3212.18578	5.67359	12095	16484.1	12465.2394155111	16302.1665655816
405/561	12035.9	16460	11987.8	16272.4	739.66687	6205.92334	369.78146	0.49023	1.78459	543.8562	13609.06738	2973	1	40	1	830.088	830.088	1117.0662	11.06337	12035.9	16460	12405.4348852425	16274.4843297031
405/561	12087	16390.9	12038.7	16202.4	1135.68677	10096.15723	380.6351	0.42192	1.52723	734.14423	15251.38281	2984	1	15	1	848.232	848.232	1817.3083	8.51903	12087	16390.9	12456.386079696	16204.462791735
405/561	12087.8	16464.4	12039	16274.1	954.38263	23032.22266	377.66586	0.46719	1.48357	416.91364	45712.17578	3006	4	27	1	856.656	856.656	4145.80008	5.55769	12087.8	16464.4	12456.788468603	16276.1197157986
405/561	12083.2	16394	12034.4	16203.3	709.73468	32162.02539	370.06201	0.20297	1.67057	514.71954	60923.9375	3011	4	17	1	841.104	841.104	5789.16457	4.35782	12083.2	16394	12452.2117388091	16205.3099258131
405/561	12101.6	16415.4	12052.2	16222.7	1079.30396	8726.35449	362.99829	0.95157	1.92027	313.15634	13044.0127	3035	1	47	1	824.904	824.904	1570.74381	6.82925	12101.6	16415.4	12470.1234357985	16224.6629338825
405/561	12141.6	16546.2	12092.2	16353.1	861.15967	7416.50439	374.64319	0.23355	1.543	303.02011	14616.93262	3040	1	18	1	852.12	852.12	1334.97079	8.05173	12141.6	16546.2	12510.1467060046	16355.053143897
405/561	12095.7	16425.2	12046	16231.3	640.60419	5335.44727	368.42627	1.28409	2.11278	574.85522	9916.20898	3050	1	17	1	804.816	804.816	960.38051	12.81491	12095.7	16425.2	12463.9932464169	16233.233563926
405/561	12093.1	16322.6	12043.4	16128.3	781.77466	24287.5625	378.89273	0.25896	1.57202	520.3125	38981.0625	3054	3	18	1	844.344	844.344	4371.76125	5.22147	12093.1	16322.6	12461.4118625818	16130.2257319375
405/561	12096.1	16324.1	12045.4	16125.9	529.18878	12837.39063	367.97357	0.59717	1.81285	449.10779	27367.69141	3102	2	18	1	829.44	829.44	2310.73031	7.04222	12096.1	16324.1	12463.6352565606	16127.7317480764
405/561	12083.4	16320.6	12032.1	16120.4	806.22327	6595.31104	365.13211	0.79998	1.87345	282.25278	17541.68164	3168	1	71	1	826.848	826.848	1187.15599	8.31493	12083.4	16320.6	12450.6424232815	16122.1025202674
405/561	12123.3	16476.2	12072	16275.9	816.82678	15742.43359	374.53479	0.32611	1.75919	494.39417	116588.96875	3173	3	16	1	828.144	828.144	2833.63805	7.29528	12123.3	16476.2	12490.5656934876	16277.5927302819
405/561	12116.6	16200.7	12065	15999.4	1297.89221	38586.75781	399.05249	0.78351	1.54617	493.33215	45540.90234	3209	3	3	1	826.848	826.848	6945.61641	3.82362	12116.6	16200.7	12483.7332389717	16001.0222423861
405/561	12046.6	16541.6	11994.9	16339.8	697.29315	6495.95166	389.64914	0.76323	1.48268	330.6416	13374.64258	3224	1	95	1	844.992	844.992	1169.2713	9.78656	12046.6	16541.6	12413.7030495901	16341.3928724295
405/561	12037.7	16427.4	11985.8	16225.1	607.8548	20812.02734	404.16061	1.22528	1.44105	369.04306	38600.08203	3243	3	16	1	835.92	835.92	3746.16492	5.88969	12037.7	16427.4	12404.6914763734	16226.6556704845
405/561	12080.3	16452.5	12027.8	16247.6	915.65601	32702.08984	385.20279	0.02159	1.72644	505.04553	51761.42969	3318	4	44	1	820.368	820.368	5886.37617	4.56328	12080.3	16452.5	12447.0405294652	16249.0088207015
405/561	12127.5	16240.3	12074.8	16034.4	1112.35754	8886.99609	360.84055	0.44854	1.68161	275.17828	13532.97461	3337	1	16	1	848.88	848.88	1599.6593	6.4647	12127.5	16240.3	12494.1289562485	16035.7716187565
405/561	12066.1	16376.3	12012.8	16168.2	577.70813	21240.99414	395.94992	0.11051	1.75242	546.29712	34778.03516	3377	3	55	1	806.76	806.76	3823.37895	6.41905	12066.1	16376.3	12432.3151178975	16169.4932988722
405/561	12119	16387.9	12064.6	16175	905.57886	15976.57422	366.01245	0.49608	1.7527	492.78308	27422.92969	3468	3	44	1	836.568	836.568	2875.78336	6.91188	12119	16387.9	12484.538635649	16176.1151211356
405/561	12096	16442.9	12041.4	16229.2	1189.53931	29792.76953	413.60172	0.84548	1.61476	391.92224	49584.18359	3484	3	1	1	802.224	802.224	5362.69852	4.6443	12096	16442.9	12461.4131003086	16230.2837931819
405/561	12159	16363.3	12103.3	16147.8	688.07318	6166.17773	382.16486	0.01794	1.68892	517.41211	9172.33984	3521	1	31	1	827.496	827.496	1109.91199	11.56026	12159	16363.3	12523.485299834	16148.8113472889
405/561	12059.7	16379.8	12003.8	16164.1	569.93848	10302.27539	400.82974	0.23162	1.74036	520.802	17488.83984	3524	2	52	1	802.872	802.872	1854.40957	10.44279	12059.7	16379.8	12423.9992619576	16165.1054732976
405/561	12097	16458.6	12038.6	16240.7	823.90741	23441.52148	401.87128	0.88968	1.531	403.07657	41858.0625	3576	3	41	1	825.552	825.552	4219.47387	5.44191	12097	16458.6	12459.0412721014	16241.6036574481
405/561	12065.4	16367.3	12006.4	16148.8	385.09204	9024.41309	395.85486	0.33486	1.67442	372.24841	14884.80566	3591	2	22	1	815.184	815.184	1624.39436	10.09211	12065.4	16367.3	12426.9110827197	16149.6742874915
405/561	12083.3	16430.2	12023.8	16211.3	668.97437	28606.78516	400.76404	1.36006	1.37426	353.36386	44111.73438	3601	3	16	1	850.176	850.176	5149.22133	4.42589	12083.3	16430.2	12444.357623132	16212.1547075204
405/561	12160.6	16397.2	12095.7	16175	763.36481	5557.16943	344.44571	1.04975	1.76971	248.4151	11395.80957	3773	1	38	1	854.712	854.712	1000.2905	8.38643	12160.6	16397.2	12517.0581182227	16175.5179320182
405/561	12148.9	16490.9	12083.9	16269.1	720.77838	7205.34277	403.63284	0.73756	1.59101	376.06161	16671.25	3797	1	6	1	815.832	815.832	1296.9617	9.92487	12148.9	16490.9	12505.3698152121	16269.5709400876
405/561	12099.2	16352.1	12034	16130.8	892.38501	38066.79297	409.39398	1.16907	1.49261	397.73773	59388.72656	3829	4	13	1	822.312	822.312	6852.02273	4.11412	12099.2	16352.1	12455.6187445313	16131.2082841802
405/561	12132.5	16401.4	12067	16180.6	957.91669	17040.52734	391.89761	0.64836	1.53953	322.41702	23797.81055	3861	2	19	1	835.272	835.272	3067.29492	5.57189	12132.5	16401.4	12488.7676738506	16180.9456282728
405/561	12145.5	16364.1	12079.8	16143.9	905.73059	8569.64453	392.68286	0.12844	1.81671	361.94934	15366.37598	3899	1	1	1	804.168	804.168	1542.53602	8.14067	12145.5	16364.1	12501.7445274171	16144.1712243828
405/561	12162.7	16414.4	12096.5	16193.2	355.25171	2881.58472	363.58643	0.52791	1.74288	367.45728	7916.875	3957	1	66	1	839.808	839.808	518.68525	18.19638	12162.7	16414.4	12518.7144618082	16193.3576605506
405/561	12128.4	16421.5	12061.5	16198.7	813.5553	7482.59375	387.16187	0.31603	1.85003	404.65112	11735.06836	4044	1	47	1	806.76	806.76	1346.86687	9.20268	12128.4	16421.5	12484.1193633948	16198.6873148024
405/561	12146	16394.5	12077	16168.2	1055.68701	14913.56543	388.43719	0.32455	1.62579	437.63971	22903.63477	4141	2	19	1	828.144	828.144	2684.44178	6.73401	12146	16394.5	12500.0708053936	16167.9973890831
405/561	11971.3	16773.4	11902.2	16547	391.48135	3219.51245	366.09985	0.00551	1.55	151.79196	6683.83496	4143	1	67	1	859.248	859.248	579.51224	12.29064	11971.3	16773.4	12325.2801134761	16546.7934730889
405/561	12113.4	16469.4	12041.3	16238.6	1206.33984	10307.0166	373.15707	0.01854	1.61188	465.18256	15510.4043	4216	1	8	1	844.992	844.992	1855.26299	6.98699	12113.4	16469.4	12464.7198584855	16238.2505393001
405/561	12138.7	16417.6	12066.2	16186.2	610.60669	23487.53125	386.61493	0.2972	1.83923	414.7345	41405.73438	4225	4	15	1	808.056	808.056	4227.75562	5.67588	12138.7	16417.6	12489.6617448566	16185.8329173262
405/561	12123	16468.7	12048.9	16234.8	934.47314	12885.81641	375.0928	0.50759	1.83619	376.08221	18027.14453	4265	2	37	1	820.368	820.368	2319.44695	6.82726	12123	16468.7	12472.5479065056	16234.3545974419
405/561	12132	16450	12055.3	16212.7	668.29376	10523.3457	369.0722	0.93024	1.96313	298.97644	25708.33984	4355	2	16	1	815.184	815.184	1894.20223	7.2946	12132	16450	12479.3667702158	16212.0783777024
405/561	12157.1	16439.6	12078.9	16200.7	421.96939	12073.3125	395.88754	1.29081	1.35774	223.72101	19081.60547	4431	2	15	1	857.952	857.952	2173.19625	6.68434	12157.1	16439.6	12503.320477349	16199.9295699223
405/561	12133.6	16406	12054.3	16165.8	840.99359	6697.90186	360.27414	0.39397	1.6524	445.54651	13300.26563	4490	1	0	1	852.768	852.768	1205.62233	9.25457	12133.6	16406	12478.9950657812	16164.914048093
405/561	12028.2	16601.7	11949.6	16362.1	408.40524	3588.24854	378.40393	0.55425	1.45837	257.52484	8710.81836	4524	1	11	1	859.896	859.896	645.88474	14.08322	12028.2	16601.7	12374.4533031829	16361.1474761914
405/561	12064.1	16516.2	11986.4	16277.4	442.5712	3834.59229	375.77515	0.02954	1.63165	153.81548	9249.75977	4544	1	10	1	840.456	840.456	690.22661	11.1913	12064.1	16516.2	12411.3463840074	16276.4083162493
405/561	12178.1	16422.2	12100.6	16183.7	265.79834	6222.1665	334.19522	1.41257	1.81962	244.77251	12870.1543	4549	3	22	1	859.248	859.248	1119.98997	10.36247	12178.1	16422.2	12525.5696542135	16182.6985262638
405/561	12042.8	16622.8	11966.7	16385.6	439.5094	4166.70361	393.07214	0.76544	1.50884	295.13	7699.05518	4582	1	25	1	837.864	837.864	750.00665	13.87437	12042.8	16622.8	12391.823237574	16384.5339123593
405/561	12172.3	16476.8	12096.4	16239.7	533.91528	9447.50684	374.05978	0.84425	1.96591	193.21609	14035.91406	4584	2	22	1	810	810	1700.55123	7.11905	12172.3	16476.8	12521.5325456564	16238.6299963651
405/561	12136	16526.9	12065.8	16295.2	360.1792	6509.5332	361.21808	0.38053	1.65661	241.15167	14823.45703	4733	2	18	1	851.472	851.472	1171.71598	9.779	12136	16526.9	12491.625997799	16293.8382547962
405/561	12116.5	16465.1	12046.2	16233.5	669.24731	18715.96094	382.41803	0.57515	1.48745	345.42889	30090.69922	4735	4	32	1	851.472	851.472	3368.87297	6.34083	12116.5	16465.1	12472.0353058814	16232.134338802
405/561	12163.8	16409.2	12094.2	16178.3	609.11359	5677.75781	389.76187	1.05902	1.38292	244.57542	10534.32227	4773	1	10	1	859.896	859.896	1021.99641	9.94262	12163.8	16409.2	12520.212159448	16176.859934912
405/561	12137.2	16422.4	12068.2	16192	735.62146	7394.35742	404.74646	1.21464	1.44838	265.05722	11096.16992	4806	1	18	1	833.976	833.976	1330.98434	8.75579	12137.2	16422.4	12494.3657428084	16190.4953210075
405/561	12136.6	16368.4	12068.1	16138.6	822.20959	8164.20801	402.27756	0.7441	1.58034	379.44214	12843.45508	4837	1	56	1	819.072	819.072	1469.55744	8.92943	12136.6	16368.4	12494.4100180864	16137.0346230972
405/561	12134.8	16417.8	12067.1	16188.8	897.1463	16231.35156	406.00366	1.35056	1.41529	417.27936	25277.58203	4881	2	52	1	837.864	837.864	2921.64328	6.64364	12134.8	16417.8	12493.6147959003	16187.1484712245
405/561	12189.4	16408.4	12121.9	16179.7	675.4472	17501.11523	390.57166	0.14134	1.70616	342.45438	30888.03906	4895	3	20	1	817.128	817.128	3150.20074	6.27344	12189.4	16408.4	12548.4799524775	16178.021059265
405/561	12166.3	16416.3	12098.9	16187.7	581.65546	4279.55811	346.27936	1.3178	1.92145	299.40558	10332.47461	4948	1	18	1	839.808	839.808	770.32046	11.03208	12166.3	16416.3	12525.7266166624	16185.9172854184
405/561	12006.4	16220.5	12006.4	16220.5	1144.22937	11777.06543	409.56424	0.72551	1.62979	242.24339	22552.20703	27	1	27	1	840.816	840.816	2119.87178	6.12527	12006.4	16220.5	12383.8269879805	16193.4647037917
405/561	12023.5	16242	12023.5	16242	591.41998	37493.09766	394.86041	0.28071	1.68644	320.40515	64550.95313	78	3	45	1	850.536	850.536	6748.75758	3.42793	12023.5	16242	12401.164344083	16214.8648459393
405/561	12026.6	16105.1	12024.3	16102.8	701.73029	10021.16602	407.72018	0.27231	1.76477	254.62068	19511.08594	161	2	10	1	829.152	829.152	1803.80988	8.48108	12026.6	16105.1	12402.3506295046	16075.5023321795
405/561	12035.4	16117.4	12029	16111.1	992.74713	17090.65234	413.1456	1.09611	1.5368	409.21936	26146.73047	265	2	26	1	847.944	847.944	3076.31742	6.50822	12035.4	16117.4	12407.5346497921	16083.5987004804
405/561	12050.6	16072	12042.8	16063.4	791.6441	7411.40967	390.61188	0.21638	1.67986	498.82425	13869.39941	309	1	61	1	855.72	855.72	1334.05374	10.10766	12050.6	16072	12421.539427606	16035.8125486078
405/561	12021.2	16189.1	12013.6	16175.1	885.03949	8955.63672	406.09436	0.60284	1.6489	439.01285	13886.84375	355	1	10	1	842.76	842.76	1612.01461	8.80787	12021.2	16189.1	12392.5535135024	16147.4224807409
405/561	11993.3	16107.6	11986.2	16074.7	891.60254	7701.43604	375.19778	0.90069	1.99793	575.70996	15000.99805	525	1	17	1	842.76	842.76	1386.25849	9.61308	11993.3	16107.6	12365.9447005106	16046.6896212328
405/561	11989.7	16092.6	11982.4	16057.2	1335.49133	17628.73047	427.11987	1.30169	1.54884	493.97845	28215.83984	570	2	13	1	829.8	829.8	3173.17148	7.14595	11989.7	16092.6	12362.3541323658	16029.1015113631
Bead Drift Correction	11940.3	16076.3	11932.8	16038.9	354.56412	3053.75903	374.65369	1.17819	2.11167	202.02553	4982.46729	607	1	14	1	834.984	834.984	549.67663	14.59561	11940.3	16076.3	12312.9263318911	16010.7290654701
405/561	12038.6	16129	12030.9	16087.8	869.73517	13523.39746	380.88055	0.55896	1.90027	273.15491	22849.40039	678	2	15	1	844.704	844.704	2434.21154	6.09737	12038.6	16129	12411.3567688181	16059.4900476756
405/561	12108.5	16526.5	12100.7	16480.6	204.16554	1797.42651	378.78641	1.4261	2.24571	374.4335	4004.23242	773	1	43	1	822.024	822.024	323.53677	30.49122	12108.5	16526.5	12481.5989027345	16452.1040379505
405/561	12081.1	16133.1	12073.3	16082	806.17413	7125.54297	379.53741	1.07897	2.10225	381.06039	12330.70313	880	1	29	1	831.096	831.096	1282.59773	9.09715	12081.1	16133.1	12454.6968851456	16053.2945322601
Bead Drift Correction	12030.6	16537.7	12022.8	16485.1	124.08418	1175.67603	392.95758	0.6251	2.00195	254.09398	3202.18677	910	1	23	1	824.616	824.616	211.62168	41.04577	12030.6	16537.7	12404.3365063824	16456.3357923469
405/561	12037.3	16155.5	12027.7	16091.9	636.22333	5739.7417	383.44357	1.26948	2.20587	399.90659	12023.61621	1084	1	7	1	820.08	820.08	1033.15351	11.26843	12037.3	16155.5	12410.0463095556	16062.7951008505
405/561	12130.4	16141.9	12115.5	16071.2	502.7124	5101.58447	406.67999	0.18305	1.91237	529.57068	11392.66895	1233	1	33	1	817.488	817.488	918.28521	15.38931	12130.4	16141.9	12498.5397616981	16041.8033592817
405/561	12084.6	16193.5	12069.3	16122.4	456.11603	7147.20508	408.77927	0.45786	1.71017	509.94238	13102.93164	1242	2	34	1	833.04	833.04	1286.49691	14.96399	12084.6	16193.5	12452.3816480691	16092.9857373077
405/561	12080	16165.1	12059.3	16084.5	552.08911	6243.76514	429.31763	1.19301	1.58848	464.15262	10887.80762	1397	1	21	1	822.672	822.672	1123.87772	13.43854	12080	16165.1	12443.1030244591	16054.7822477562
405/561	12087.2	16221	12065.9	16139	679.62756	14546.03516	413.86417	0.71261	1.65669	411.81165	28599.80273	1416	2	23	1	833.04	833.04	2618.28633	7.48652	12087.2	16221	12449.7914512423	16109.2450458112
405/561	12054.1	16218.6	12032.6	16136.3	1005.8526	21724.43555	401.26666	0.31104	1.93074	527.21954	41526.88281	1422	2	11	1	821.376	821.376	3910.3984	5.52804	12054.1	16218.6	12416.5193754897	16106.5332978286
405/561	12161.5	16363.4	12138.9	16278.6	315.52582	2564.40259	363.94495	1.16981	2.02558	592.46185	7952.53223	1456	1	77	1	851.184	851.184	461.59247	24.78853	12161.5	16363.4	12522.9776128914	16248.766725927
405/561	12115.7	16638.3	12091.8	16550.4	403.52408	4334.12451	418.38492	0.34555	1.79137	507.61673	9132.0498	1499	1	45	1	814.896	814.896	780.14241	18.45855	12115.7	16638.3	12476.077736664	16520.4825320514
405/561	12078	16207.8	12053.9	16119.7	789.08795	21549.59766	426.06412	0.92067	1.65151	457.89819	56375.14063	1508	3	44	1	819.432	819.432	3878.92758	6.7406	12078	16207.8	12438.2196230351	16089.7649100775
405/561	12042.7	16337.2	12015.5	16244.7	632.49292	9609.83691	410.08951	0.3591	1.74865	393.18457	18417.64063	1738	2	13	1	827.856	827.856	1729.77064	10.36952	12042.7	16337.2	12400.8900525169	16214.314570743
405/561	12088.6	16221.3	12057	16112	1414.64478	14896.34277	414.26303	1.24031	1.50046	563.26166	21583.87305	1988	1	10	1	851.832	851.832	2681.3417	6.49976	12088.6	16221.3	12443.5535628232	16081.1250714665
405/561	12170.1	16187.7	12134.2	16067.4	479.58456	4315.01025	382.92908	1.22282	2.18331	448.42828	9603.78223	2119	1	12	1	822.024	822.024	776.70185	15.04131	12170.1	16187.7	12521.3632422237	16036.2685738456
405/561	12152.1	16232.9	12116.1	16110.3	865.62958	9348.78809	419.53836	1.37133	1.49189	486.14478	15770.01367	2144	1	10	1	846.648	846.648	1682.78186	9.27805	12152.1	16232.9	12503.3795932543	16079.1196239179
405/561	12072	16252.8	12035.8	16126.3	658.05261	6932.49023	414.35669	0.65566	1.67667	502.05765	7119.21387	2187	1	31	1	830.448	830.448	1247.84824	11.87198	12072	16252.8	12423.279717027	16095.0354300424
405/561	12081.4	16177.6	12044.6	16040.2	1080.90967	12081.43848	426.80026	1.37859	1.52618	563.59937	17249.14453	2308	1	2	1	833.04	833.04	2174.65893	8.09573	12081.4	16177.6	12432.6428560153	16008.6985123925
405/561	12137	16418.6	12096.5	16256.3	652.66833	9071.98438	375.50415	0.63885	1.89242	618.70654	27019.19922	2610	2	11	1	851.184	851.184	1632.95719	11.16518	12137	16418.6	12485.9483764653	16224.2071972664
405/561	12095.2	16294.1	12054.4	16129.7	454.57034	4197.20459	387.91766	0.48558	1.91906	450.03592	10751.02832	2637	1	56	1	836.28	836.28	755.49683	15.79732	12095.2	16294.1	12443.9740355784	16097.5543313446
405/561	12127.9	16235.8	12083.9	16060.7	755.26886	25577.36719	411.40927	0.04865	1.85618	627.47852	31364.26367	2795	3	3	1	816.84	816.84	4603.92609	6.1415	12127.9	16235.8	12474.209374092	16028.2449678018
405/561	12180.7	16431.9	12130.9	16237.4	503.61499	7678.86523	397.24722	0.64036	2.03042	497.3334	16019.17383	3057	2	46	1	818.136	818.136	1382.19574	13.15662	12180.7	16431.9	12522.428732893	16204.43197256
405/561	12221.9	16278.7	12171.1	16080.2	715.15405	6461.58545	383.73358	0.51034	1.90109	721.78577	10839.11816	3112	1	52	1	842.112	842.112	1163.08538	12.6924	12221.9	16278.7	12562.8847051604	16047.1242827191
405/561	12041.8	16584.3	11988.3	16375.2	168.65793	1792.49658	416.18442	0.79745	1.64255	530.64191	5371.95508	3397	1	38	1	831.744	831.744	322.64938	42.75094	12041.8	16584.3	12381.4111069096	16341.5662535439
405/561	12148.3	16354.7	12093.9	16141.7	599.26025	15024.09766	410.00717	0.41078	1.73165	526.69244	29645.17773	3470	2	21	1	829.8	829.8	2704.33758	7.82472	12148.3	16354.7	12487.350851919	16107.9233197551
405/561	12213.4	16266.9	12158.8	16053.3	708.04272	6476.00977	386.086	0.67601	1.98099	653.75226	13169.36133	3482	1	15	1	833.04	833.04	1165.68176	12.3173	12213.4	16266.9	12552.3067004137	16019.4998237898
405/561	12149.9	16437.9	12088.4	16217.2	313.51639	2980.96826	393.64847	0.67269	2.02376	267.64731	5328.97168	3642	1	43	1	822.024	822.024	536.57429	17.95534	12149.9	16437.9	12482.6513470098	16183.0865442529
405/561	12218.1	16653.9	12152.5	16433.5	139.71077	1278.03979	386.11557	0.36421	1.86118	311.87823	7232.00439	3885	1	58	1	842.76	842.76	230.04716	40.20058	12218.1	16653.9	12547.8822790275	16398.910750956
405/561	12176	16274.6	12109.6	16052.8	504.99557	4724.10547	390.45956	0.76828	2.04292	513.88727	9201.86621	3991	1	11	1	823.968	823.968	850.33898	15.15066	12176	16274.6	12505.4756073974	16018.0032032628
405/561	12184.6	16287.1	12117.7	16064.2	795.66968	7783.16455	399.27466	0.15833	1.86605	441.96072	11380.21484	4047	1	36	1	829.152	829.152	1400.96962	9.64861	12184.6	16287.1	12513.836233706	16029.2935554248
405/561	12113	16340.8	12045.9	16117.7	772.17334	8503.56152	423.64597	1.48485	1.48153	429.26981	11422.36133	4058	1	32	1	843.408	843.408	1530.64107	9.78814	12113	16340.8	12442.0874281595	16082.7720174567
405/561	12199.5	16433.2	12124.9	16197.4	450.4093	4104.01514	385.35486	0.08859	1.7526	536.43628	10364.06348	4616	1	40	1	853.776	853.776	738.72272	17.0952	12199.5	16433.2	12523.6843831632	16161.3794550714
405/561	12215.5	16384	12142	16149.2	929.68066	8909.3252	395.19873	0.33518	1.66997	623.01978	20106.05469	4641	1	11	1	851.832	851.832	1603.67854	9.53194	12215.5	16384	12540.9007341938	16113.1305051438
405/561	12184.1	16301.7	12114.6	16070.8	914.06177	9705.96484	415.99838	0.96292	1.59201	560.63989	14006.71582	4777	1	75	1	838.224	838.224	1747.07367	9.30915	12184.1	16301.7	12514.1336838004	16034.4642175373
405/561	11989	16717.6	11921.5	16488.9	514.3999	4289.63135	368.65454	0.82536	1.91489	467.04578	12135.29102	4898	1	7	1	855.72	855.72	772.13364	14.36554	11989	16717.6	12321.5968227887	16452.3272998875
405/561	12212.5	16409.5	12145	16180.9	672.71466	17877.29883	389.3201	0.48053	1.9259	476.54092	36986.44922	4899	3	18	1	834.336	834.336	3217.91379	6.88649	12212.5	16409.5	12545.1014768299	16144.3253418904
405/561	12150.2	16338	12082.8	16109.4	512.55975	4639.75977	384.09222	0.16617	1.77234	437.74701	8706.3291	4938	1	79	1	853.128	853.128	835.15676	14.04927	12150.2	16338	12483.0829844377	16072.7489800032
405/561	11628.3	16236.6	11599.9	16134.3	1119.55066	20360.25	425.35165	0.98785	1.62922	837.38879	40609.35156	1903	2	29	1	858.672	858.672	3664.845	7.61222	11628.3	16236.6	12559.5608775066	16093.7036158343
405/561	11661.9	16272	11623.4	16123.3	541.68176	10078.01563	389.77478	1.16912	2.19854	573.00232	32583.04883	2439	2	57	1	850.248	850.248	1814.04281	10.52493	11661.9	16272	12585.5554436033	16081.6541293854
405/561	11634.8	17021.5	11587.1	16835.2	144.03453	1320.58105	386.55319	0.96587	2.09876	538.08118	5352.68213	2958	1	31	1	859.968	859.968	237.70459	50.11401	11634.8	17021.5	12551.6708909992	16792.5379288872
